10
0.88,-9.92,0.0,-0.9,0.46,0.75,-0.94,0.32,0.35,-1.6,-0.53,-0.88,-0.91,0.6,-3.5,-0.94,-0.25,0.82,-0.36,0.29,0.25,
0.88,-9.53,0.0,-0.9,0.46,0.75,-0.94,0.32,0.35,-1.6,-0.53,-0.88,-0.91,0.6,-3.5,-0.94,-0.25,0.82,-0.36,0.29,0.25,
0.88,-9.49,0.0,-0.9,0.46,0.75,-0.94,0.32,0.35,-1.6,-0.53,-0.88,-0.91,0.6,-3.5,-0.94,-0.25,0.82,-0.36,0.29,0.25,
0.88,-9.37,0.0,-0.9,0.46,0.75,-0.94,0.32,0.35,-1.6,-0.53,-0.88,-0.91,0.6,-3.5,-0.94,-0.25,0.82,-0.36,0.29,0.25,
0.88,-9.35,0.0,-0.9,0.46,0.75,-0.94,0.32,0.35,-1.6,-0.53,-0.88,-0.91,0.6,-3.5,-0.94,-0.25,0.82,-0.36,0.29,0.25,
0.88,-9.27,0.0,-0.9,0.46,0.75,-0.94,0.32,0.35,-1.6,-0.53,-0.88,-0.91,0.6,-3.5,-0.94,-0.25,0.82,-0.36,0.29,0.25,
0.88,-9.15,0.0,-0.9,0.46,0.75,-0.94,0.32,0.35,-1.6,-0.53,-0.88,-0.91,0.6,-3.5,-0.94,-0.25,0.82,-0.36,0.29,0.25,
0.88,-9.09,0.0,-0.9,0.46,0.75,-0.94,0.32,0.35,-1.6,-0.53,-0.88,-0.91,0.6,-3.5,-0.94,-0.25,0.82,-0.36,0.29,0.25,
0.88,-9.07,0.0,-0.9,0.46,0.75,-0.94,0.32,0.35,-1.6,-0.53,-0.88,-0.91,0.6,-3.5,-0.94,-0.25,0.82,-0.36,0.29,0.25,
0.88,-8.98,0.0,-0.9,0.46,0.75,-0.94,0.32,0.35,-1.6,-0.53,-0.88,-0.91,0.6,-3.5,-0.94,-0.25,0.82,-0.36,0.29,0.25,
0.88,-8.97,0.0,-0.9,0.46,0.75,-0.94,0.32,0.35,-1.6,-0.53,-0.88,-0.91,0.6,-3.5,-0.94,-0.25,0.82,-0.36,0.29,0.25,
0.88,-8.91,0.0,-0.9,0.46,0.75,-0.94,0.32,0.35,-1.6,-0.53,-0.88,-0.91,0.6,-3.5,-0.94,-0.25,0.82,-0.36,0.29,0.25,
0.88,-8.74,0.0,-0.9,0.46,0.75,-0.94,0.32,0.35,-1.6,-0.53,-0.88,-0.91,0.6,-3.5,-0.94,-0.25,0.82,-0.36,0.29,0.25,
0.88,-8.7,0.0,-0.9,0.46,0.75,-0.94,0.32,0.35,-1.6,-0.53,-0.88,-0.91,0.6,-3.5,-0.94,-0.25,0.82,-0.36,0.29,0.25,
0.88,-8.7,0.0,-0.9,0.46,0.75,-0.94,0.32,0.35,-1.6,-0.53,-0.88,-0.91,0.6,-3.5,-0.94,-0.25,0.82,-0.36,0.29,0.25,
0.88,-8.7,0.0,-0.9,0.46,0.75,-0.94,0.32,0.35,-1.6,-0.53,-0.88,-0.91,0.6,-3.5,-0.94,-0.25,0.82,-0.36,0.29,0.25,
0.88,-8.7,0.0,-0.9,0.46,0.75,-0.94,0.32,0.35,-1.6,-0.53,-0.88,-0.91,0.6,-3.5,-0.94,-0.25,0.82,-0.36,0.29,0.25,
0.88,-8.7,0.0,-0.9,0.46,0.75,-0.94,0.32,0.35,-1.6,-0.53,-0.88,-0.91,0.6,-3.5,-0.94,-0.25,0.82,-0.36,0.29,0.25,
0.88,-8.7,0.0,-0.9,0.46,0.75,-0.94,0.32,0.35,-1.6,-0.53,-0.88,-0.91,0.6,-3.5,-0.94,-0.25,0.82,-0.36,0.29,0.25,
0.88,-8.7,0.0,-0.9,0.46,0.75,-0.94,0.32,0.35,-1.6,-0.53,-0.88,-0.91,0.6,-3.5,-0.94,-0.25,0.82,-0.36,0.29,0.25,
0.88,-8.7,0.0,-0.9,0.46,0.75,-0.94,0.32,0.35,-1.6,-0.53,-0.88,-0.91,0.6,-3.5,-0.94,-0.25,0.82,-0.36,0.29,0.25,
0.88,-8.7,0.0,-0.9,0.46,0.75,-0.94,0.32,0.35,-1.6,-0.53,-0.88,-0.91,0.6,-3.5,-0.94,-0.25,0.82,-0.36,0.29,0.25,
0.88,-8.7,0.0,-0.9,0.46,0.75,-0.94,0.32,0.35,-1.6,-0.53,-0.88,-0.91,0.6,-3.5,-0.94,-0.25,0.82,-0.36,0.29,0.25,
0.88,-8.7,0.0,-0.9,0.46,0.75,-0.94,0.32,0.35,-1.6,-0.53,-0.88,-0.91,0.6,-3.5,-0.94,-0.25,0.82,-0.36,0.29,0.25,
0.88,-8.7,0.0,-0.9,0.46,0.75,-0.94,0.32,0.35,-1.6,-0.53,-0.88,-0.91,0.6,-3.5,-0.94,-0.25,0.82,-0.36,0.29,0.25,
0.88,-8.7,0.0,-0.9,0.46,0.75,-0.94,0.32,0.35,-1.6,-0.53,-0.88,-0.91,0.6,-3.5,-0.94,-0.25,0.82,-0.36,0.29,0.25,
0.88,-8.7,0.0,-0.9,0.46,0.75,-0.94,0.32,0.35,-1.6,-0.53,-0.88,-0.91,0.6,-3.5,-0.94,-0.25,0.82,-0.36,0.29,0.25,
0.88,-8.7,0.0,-0.9,0.46,0.75,-0.94,0.32,0.35,-1.6,-0.53,-0.88,-0.91,0.6,-3.5,-0.94,-0.25,0.82,-0.36,0.29,0.25,
0.88,-8.7,0.0,-0.9,0.46,0.75,-0.94,0.32,0.35,-1.6,-0.53,-0.88,-0.91,0.6,-3.5,-0.94,-0.25,0.82,-0.36,0.29,0.25,
0.88,-8.7,0.0,-0.9,0.46,0.75,-0.94,0.32,0.35,-1.6,-0.53,-0.88,-0.91,0.6,-3.5,-0.94,-0.25,0.82,-0.36,0.29,0.25,
0.88,-8.7,0.0,-0.9,0.46,0.75,-0.94,0.32,0.35,-1.6,-0.53,-0.88,-0.91,0.6,-3.5,-0.94,-0.25,0.82,-0.36,0.29,0.25,
0.88,-8.7,0.0,-0.9,0.46,0.75,-0.94,0.32,0.35,-1.6,-0.53,-0.88,-0.91,0.6,-3.5,-0.94,-0.25,0.82,-0.36,0.29,0.25,
0.88,-8.7,0.0,-0.9,0.46,0.75,-0.94,0.32,0.35,-1.6,-0.53,-0.88,-0.91,0.6,-3.5,-0.94,-0.25,0.82,-0.36,0.29,0.25,
0.88,-8.7,0.0,-0.9,0.46,0.75,-0.94,0.32,0.35,-1.6,-0.53,-0.88,-0.91,0.6,-3.5,-0.94,-0.25,0.82,-0.36,0.29,0.25,
0.88,-8.7,0.0,-0.9,0.46,0.75,-0.94,0.32,0.35,-1.6,-0.53,-0.88,-0.91,0.6,-3.5,-0.94,-0.25,0.82,-0.36,0.29,0.25,
0.88,-8.7,0.0,-0.9,0.46,0.75,-0.94,0.32,0.35,-1.6,-0.53,-0.88,-0.91,0.6,-3.5,-0.94,-0.25,0.82,-0.36,0.29,0.25,
0.88,-8.7,0.0,-0.9,0.46,0.75,-0.94,0.32,0.35,-1.6,-0.53,-0.88,-0.91,0.6,-3.5,-0.94,-0.25,0.82,-0.36,0.29,0.25,
0.88,-8.7,0.0,-0.9,0.46,0.75,-0.94,0.32,0.35,-1.6,-0.53,-0.88,-0.91,0.6,-3.5,-0.94,-0.25,0.82,-0.36,0.29,0.25,
0.88,-8.7,0.0,-0.9,0.46,0.75,-0.94,0.32,0.35,-1.6,-0.53,-0.88,-0.91,0.6,-3.5,-0.94,-0.25,0.82,-0.36,0.29,0.25,
0.88,-8.7,0.0,-0.9,0.46,0.75,-0.94,0.32,0.35,-1.6,-0.53,-0.88,-0.91,0.6,-3.5,-0.94,-0.25,0.82,-0.36,0.29,0.25,
0.88,-8.7,0.0,-0.9,0.46,0.75,-0.94,0.32,0.35,-1.6,-0.53,-0.88,-0.91,0.6,-3.5,-0.94,-0.25,0.82,-0.36,0.29,0.25,
0.88,-8.7,0.0,-0.9,0.46,0.75,-0.94,0.32,0.35,-1.6,-0.53,-0.88,-0.91,0.6,-3.5,-0.94,-0.25,0.82,-0.36,0.29,0.25,
0.88,-8.7,0.0,-0.9,0.46,0.75,-0.94,0.32,0.35,-1.6,-0.53,-0.88,-0.91,0.6,-3.5,-0.94,-0.25,0.82,-0.36,0.29,0.25,
0.88,-8.7,0.0,-0.9,0.46,0.75,-0.94,0.32,0.35,-1.6,-0.53,-0.88,-0.91,0.6,-3.5,-0.94,-0.25,0.82,-0.36,0.29,0.25,
0.88,-8.7,0.0,-0.9,0.46,0.75,-0.94,0.32,0.35,-1.6,-0.53,-0.88,-0.91,0.6,-3.5,-0.94,-0.25,0.82,-0.36,0.29,0.25,
0.88,-8.7,0.0,-0.9,0.46,0.75,-0.94,0.32,0.35,-1.6,-0.53,-0.88,-0.91,0.6,-3.5,-0.94,-0.25,0.82,-0.36,0.29,0.25,
0.88,-8.7,0.0,-0.9,0.46,0.75,-0.94,0.32,0.35,-1.6,-0.53,-0.88,-0.91,0.6,-3.5,-0.94,-0.25,0.82,-0.36,0.29,0.25,
0.88,-8.7,0.0,-0.9,0.46,0.75,-0.94,0.32,0.35,-1.6,-0.53,-0.88,-0.91,0.6,-3.5,-0.94,-0.25,0.82,-0.36,0.29,0.25,
0.88,-8.7,0.0,-0.9,0.46,0.75,-0.94,0.32,0.35,-1.6,-0.53,-0.88,-0.91,0.6,-3.5,-0.94,-0.25,0.82,-0.36,0.29,0.25,
0.88,-8.68,0.0,-0.9,0.46,0.75,-0.94,0.32,0.35,-1.6,-0.53,-0.88,-0.91,0.6,-3.5,-0.94,-0.25,0.82,-0.36,0.29,0.25,
0.88,-8.66,0.0,-0.9,0.46,0.75,-0.94,0.32,0.35,-1.6,-0.53,-0.88,-0.91,0.6,-3.5,-0.94,-0.25,0.82,-0.36,0.29,0.25,
0.88,-8.58,0.0,-0.9,0.46,0.75,-0.94,0.32,0.35,-1.6,-0.53,-0.88,-0.91,0.6,-3.5,-0.94,-0.25,0.82,-0.36,0.29,0.25,
0.88,-8.48,0.0,-0.9,0.46,0.75,-0.94,0.32,0.35,-1.6,-0.53,-0.88,-0.91,0.6,-3.5,-0.94,-0.25,0.82,-0.36,0.29,0.25,
0.88,-8.48,0.0,-0.9,0.46,0.75,-0.94,0.32,0.35,-1.6,-0.53,-0.88,-0.91,0.6,-3.5,-0.94,-0.25,0.82,-0.36,0.29,0.25,
0.88,-8.42,0.0,-0.9,0.46,0.75,-0.94,0.32,0.35,-1.6,-0.53,-0.88,-0.91,0.6,-3.5,-0.94,-0.25,0.82,-0.36,0.29,0.25,
0.88,-7.94,0.0,-0.9,0.46,0.75,-0.94,0.32,0.35,-1.6,-0.53,-0.88,-0.91,0.6,-3.5,-0.94,-0.25,0.82,-0.36,0.29,0.25,
0.88,-7.94,0.0,-0.9,0.46,0.75,-0.94,0.32,0.35,-1.6,-0.53,-0.88,-0.91,0.6,-3.5,-0.94,-0.25,0.82,-0.36,0.29,0.25,
0.88,-7.94,0.0,-0.9,0.46,0.75,-0.94,0.32,0.35,-1.6,-0.53,-0.88,-0.91,0.6,-3.5,-0.94,-0.25,0.82,-0.36,0.29,0.25,
0.88,-7.94,0.0,-0.9,0.46,0.75,-0.94,0.32,0.35,-1.6,-0.53,-0.88,-0.91,0.6,-3.5,-0.94,-0.25,0.82,-0.36,0.29,0.25,
0.88,-7.94,0.0,-0.9,0.46,0.75,-0.94,0.32,0.35,-1.6,-0.53,-0.88,-0.91,0.6,-3.5,-0.94,-0.25,0.82,-0.36,0.29,0.25,
0.88,-7.94,0.0,-0.9,0.46,0.75,-0.94,0.32,0.35,-1.6,-0.53,-0.88,-0.91,0.6,-3.5,-0.94,-0.25,0.82,-0.36,0.29,0.25,
0.88,-7.94,0.0,-0.9,0.46,0.75,-0.94,0.32,0.35,-1.6,-0.53,-0.88,-0.91,0.6,-3.5,-0.94,-0.25,0.82,-0.36,0.29,0.25,
0.88,-7.94,0.0,-0.9,0.46,0.75,-0.94,0.32,0.35,-1.6,-0.53,-0.88,-0.91,0.6,-3.5,-0.94,-0.25,0.82,-0.36,0.29,0.25,
0.88,-7.94,0.0,-0.9,0.46,0.75,-0.94,0.32,0.35,-1.6,-0.53,-0.88,-0.91,0.6,-3.5,-0.94,-0.25,0.82,-0.36,0.29,0.25,
0.88,-7.94,0.0,-0.9,0.46,0.75,-0.94,0.32,0.35,-1.6,-0.53,-0.88,-0.91,0.6,-3.5,-0.94,-0.25,0.82,-0.36,0.29,0.25,
0.88,-7.94,0.0,-0.9,0.46,0.75,-0.94,0.32,0.35,-1.6,-0.53,-0.88,-0.91,0.6,-3.5,-0.94,-0.25,0.82,-0.36,0.29,0.25,
0.88,-7.94,0.0,-0.9,0.46,0.75,-0.94,0.32,0.35,-1.6,-0.53,-0.88,-0.91,0.6,-3.5,-0.94,-0.25,0.82,-0.36,0.29,0.25,
0.88,-7.94,0.0,-0.9,0.46,0.75,-0.94,0.32,0.35,-1.6,-0.53,-0.88,-0.91,0.6,-3.5,-0.94,-0.25,0.82,-0.36,0.29,0.25,
0.88,-7.94,0.0,-0.9,0.46,0.75,-0.94,0.32,0.35,-1.6,-0.53,-0.88,-0.91,0.6,-3.5,-0.94,-0.25,0.82,-0.36,0.29,0.25,
0.88,-7.94,0.0,-0.9,0.46,0.75,-0.94,0.32,0.35,-1.6,-0.53,-0.88,-0.91,0.6,-3.5,-0.94,-0.25,0.82,-0.36,0.29,0.25,
0.88,-7.94,0.0,-0.9,0.46,0.75,-0.94,0.32,0.35,-1.6,-0.53,-0.88,-0.91,0.6,-3.5,-0.94,-0.25,0.82,-0.36,0.29,0.25,
0.88,-7.94,0.0,-0.9,0.46,0.75,-0.94,0.32,0.35,-1.6,-0.53,-0.88,-0.91,0.6,-3.5,-0.94,-0.25,0.82,-0.36,0.29,0.25,
0.88,-7.94,0.0,-0.9,0.46,0.75,-0.94,0.32,0.35,-1.6,-0.53,-0.88,-0.91,0.6,-3.5,-0.94,-0.25,0.82,-0.36,0.29,0.25,
0.88,-7.94,0.0,-0.9,0.46,0.75,-0.94,0.32,0.35,-1.6,-0.53,-0.88,-0.91,0.6,-3.5,-0.94,-0.25,0.82,-0.36,0.29,0.25,
0.88,-7.94,0.0,-0.9,0.46,0.75,-0.94,0.32,0.35,-1.6,-0.53,-0.88,-0.91,0.6,-3.5,-0.94,-0.25,0.82,-0.36,0.29,0.25,
0.88,-7.94,0.0,-0.9,0.46,0.75,-0.94,0.32,0.35,-1.6,-0.53,-0.88,-0.91,0.6,-3.5,-0.94,-0.25,0.82,-0.36,0.29,0.25,
0.88,-7.94,0.0,-0.9,0.46,0.75,-0.94,0.32,0.35,-1.6,-0.53,-0.88,-0.91,0.6,-3.5,-0.94,-0.25,0.82,-0.36,0.29,0.25,
0.88,-7.94,0.0,-0.9,0.46,0.75,-0.94,0.32,0.35,-1.6,-0.53,-0.88,-0.91,0.6,-3.5,-0.94,-0.25,0.82,-0.36,0.29,0.25,
0.88,-7.94,0.0,-0.9,0.46,0.75,-0.94,0.32,0.35,-1.6,-0.53,-0.88,-0.91,0.6,-3.5,-0.94,-0.25,0.82,-0.36,0.29,0.25,
0.88,-7.9,0.0,-0.9,0.46,0.75,-0.94,0.32,0.35,-1.6,-0.53,-0.88,-0.91,0.6,-3.5,-0.94,-0.25,0.82,-0.36,0.29,0.25,
0.88,-7.85,0.0,-0.9,0.46,0.75,-0.94,0.32,0.35,-1.6,-0.53,-0.88,-0.91,0.6,-3.5,-0.94,-0.25,0.82,-0.36,0.29,0.25,
0.88,-7.85,0.0,-0.9,0.46,0.75,-0.94,0.32,0.35,-1.6,-0.53,-0.88,-0.91,0.6,-3.5,-0.94,-0.25,0.82,-0.36,0.29,0.25,
0.88,-7.85,0.0,-0.9,0.46,0.75,-0.94,0.32,0.35,-1.6,-0.53,-0.88,-0.91,0.6,-3.5,-0.94,-0.25,0.82,-0.36,0.29,0.25,
0.88,-7.85,0.0,-0.9,0.46,0.75,-0.94,0.32,0.35,-1.6,-0.53,-0.88,-0.91,0.6,-3.5,-0.94,-0.25,0.82,-0.36,0.29,0.25,
0.88,-7.85,0.0,-0.9,0.46,0.75,-0.94,0.32,0.35,-1.6,-0.53,-0.88,-0.91,0.6,-3.5,-0.94,-0.25,0.82,-0.36,0.29,0.25,
0.88,-7.85,0.0,-0.9,0.46,0.75,-0.94,0.32,0.35,-1.6,-0.53,-0.88,-0.91,0.6,-3.5,-0.94,-0.25,0.82,-0.36,0.29,0.25,
0.88,-7.85,0.0,-0.9,0.46,0.75,-0.94,0.32,0.35,-1.6,-0.53,-0.88,-0.91,0.6,-3.5,-0.94,-0.25,0.82,-0.36,0.29,0.25,
0.88,-7.85,0.0,-0.9,0.46,0.75,-0.94,0.32,0.35,-1.6,-0.53,-0.88,-0.91,0.6,-3.5,-0.94,-0.25,0.82,-0.36,0.29,0.25,
0.88,-7.85,0.0,-0.9,0.46,0.75,-0.94,0.32,0.35,-1.6,-0.53,-0.88,-0.91,0.6,-3.5,-0.94,-0.25,0.82,-0.36,0.29,0.25,
0.88,-7.85,0.0,-0.9,0.46,0.75,-0.94,0.32,0.35,-1.6,-0.53,-0.88,-0.91,0.6,-3.5,-0.94,-0.25,0.82,-0.36,0.29,0.25,
0.88,-7.85,0.0,-0.9,0.46,0.75,-0.94,0.32,0.35,-1.6,-0.53,-0.88,-0.91,0.6,-3.5,-0.94,-0.25,0.82,-0.36,0.29,0.25,
0.88,-7.85,0.0,-0.9,0.46,0.75,-0.94,0.32,0.35,-1.6,-0.53,-0.88,-0.91,0.6,-3.5,-0.94,-0.25,0.82,-0.36,0.29,0.25,
0.88,-7.85,0.0,-0.9,0.46,0.75,-0.94,0.32,0.35,-1.6,-0.53,-0.88,-0.91,0.6,-3.5,-0.94,-0.25,0.82,-0.36,0.29,0.25,
0.88,-7.85,0.0,-0.9,0.46,0.75,-0.94,0.32,0.35,-1.6,-0.53,-0.88,-0.91,0.6,-3.5,-0.94,-0.25,0.82,-0.36,0.29,0.25,
0.88,-7.85,0.0,-0.9,0.46,0.75,-0.94,0.32,0.35,-1.6,-0.53,-0.88,-0.91,0.6,-3.5,-0.94,-0.25,0.82,-0.36,0.29,0.25,
0.88,-7.85,0.0,-0.9,0.46,0.75,-0.94,0.32,0.35,-1.6,-0.53,-0.88,-0.91,0.6,-3.5,-0.94,-0.25,0.82,-0.36,0.29,0.25,
0.88,-7.85,0.0,-0.9,0.46,0.75,-0.94,0.32,0.35,-1.6,-0.53,-0.88,-0.91,0.6,-3.5,-0.94,-0.25,0.82,-0.36,0.29,0.25,
0.88,-7.85,0.0,-0.9,0.46,0.75,-0.94,0.32,0.35,-1.6,-0.53,-0.88,-0.91,0.6,-3.5,-0.94,-0.25,0.82,-0.36,0.29,0.25,
0.88,-7.85,0.0,-0.9,0.46,0.75,-0.94,0.32,0.35,-1.6,-0.53,-0.88,-0.91,0.6,-3.5,-0.94,-0.25,0.82,-0.36,0.29,0.25,
0.88,-7.85,0.0,-0.9,0.46,0.75,-0.94,0.32,0.35,-1.6,-0.53,-0.88,-0.91,0.6,-3.5,-0.94,-0.25,0.82,-0.36,0.29,0.25,
0.88,-7.85,0.0,-0.9,0.46,0.75,-0.94,0.32,0.35,-1.6,-0.53,-0.88,-0.91,0.6,-3.5,-0.94,-0.25,0.82,-0.36,0.29,0.25,
0.88,-7.85,0.0,-0.9,0.46,0.75,-0.94,0.32,0.35,-1.6,-0.53,-0.88,-0.91,0.6,-3.5,-0.94,-0.25,0.82,-0.36,0.29,0.25,
0.88,-7.85,0.0,-0.9,0.46,0.75,-0.94,0.32,0.35,-1.6,-0.53,-0.88,-0.91,0.6,-3.5,-0.94,-0.25,0.82,-0.36,0.29,0.25,
0.88,-7.85,0.0,-0.9,0.46,0.75,-0.94,0.32,0.35,-1.6,-0.53,-0.88,-0.91,0.6,-3.5,-0.94,-0.25,0.82,-0.36,0.29,0.25,
0.88,-7.85,0.0,-0.9,0.46,0.75,-0.94,0.32,0.35,-1.6,-0.53,-0.88,-0.91,0.6,-3.5,-0.94,-0.25,0.82,-0.36,0.29,0.25,
0.88,-7.85,0.0,-0.9,0.46,0.75,-0.94,0.32,0.35,-1.6,-0.53,-0.88,-0.91,0.6,-3.5,-0.94,-0.25,0.82,-0.36,0.29,0.25,
0.88,-7.85,0.0,-0.9,0.46,0.75,-0.94,0.32,0.35,-1.6,-0.53,-0.88,-0.91,0.6,-3.5,-0.94,-0.25,0.82,-0.36,0.29,0.25,
0.88,-7.85,0.0,-0.9,0.46,0.75,-0.94,0.32,0.35,-1.6,-0.53,-0.88,-0.91,0.6,-3.5,-0.94,-0.25,0.82,-0.36,0.29,0.25,
0.88,-7.85,0.0,-0.9,0.46,0.75,-0.94,0.32,0.35,-1.6,-0.53,-0.88,-0.91,0.6,-3.5,-0.94,-0.25,0.82,-0.36,0.29,0.25,
0.88,-7.85,0.0,-0.9,0.46,0.75,-0.94,0.32,0.35,-1.6,-0.53,-0.88,-0.91,0.6,-3.5,-0.94,-0.25,0.82,-0.36,0.29,0.25,
0.88,-7.85,0.0,-0.9,0.46,0.75,-0.94,0.32,0.35,-1.6,-0.53,-0.88,-0.91,0.6,-3.5,-0.94,-0.25,0.82,-0.36,0.29,0.25,
0.88,-7.85,0.0,-0.9,0.46,0.75,-0.94,0.32,0.35,-1.6,-0.53,-0.88,-0.91,0.6,-3.5,-0.94,-0.25,0.82,-0.36,0.29,0.25,
0.88,-7.84,0.0,-0.9,0.46,0.75,-0.94,0.32,0.35,-1.6,-0.53,-0.88,-0.91,0.6,-3.5,-0.94,-0.25,0.82,-0.36,0.29,0.25,
0.88,-7.84,0.0,-0.9,0.46,0.75,-0.94,0.32,0.35,-1.6,-0.53,-0.88,-0.91,0.6,-3.5,-0.94,-0.25,0.82,-0.36,0.29,0.25,
0.88,-7.84,0.0,-0.9,0.46,0.75,-0.94,0.32,0.35,-1.6,-0.53,-0.88,-0.91,0.6,-3.5,-0.94,-0.25,0.82,-0.36,0.29,0.25,
0.88,-7.84,0.0,-0.9,0.46,0.75,-0.94,0.32,0.35,-1.6,-0.53,-0.88,-0.91,0.6,-3.5,-0.94,-0.25,0.82,-0.36,0.29,0.25,
0.88,-7.84,0.0,-0.9,0.46,0.75,-0.94,0.32,0.35,-1.6,-0.53,-0.88,-0.91,0.6,-3.5,-0.94,-0.25,0.82,-0.36,0.29,0.25,
0.88,-7.84,0.0,-0.9,0.46,0.75,-0.94,0.32,0.35,-1.6,-0.53,-0.88,-0.91,0.6,-3.5,-0.94,-0.25,0.82,-0.36,0.29,0.25,
0.88,-7.84,0.0,-0.9,0.46,0.75,-0.94,0.32,0.35,-1.6,-0.53,-0.88,-0.91,0.6,-3.5,-0.94,-0.25,0.82,-0.36,0.29,0.25,
0.88,-7.84,0.0,-0.9,0.46,0.75,-0.94,0.32,0.35,-1.6,-0.53,-0.88,-0.91,0.6,-3.5,-0.94,-0.25,0.82,-0.36,0.29,0.25,
0.88,-7.84,0.0,-0.9,0.46,0.75,-0.94,0.32,0.35,-1.6,-0.53,-0.88,-0.91,0.6,-3.5,-0.94,-0.25,0.82,-0.36,0.29,0.25,
0.88,-7.84,0.0,-0.9,0.46,0.75,-0.94,0.32,0.35,-1.6,-0.53,-0.88,-0.91,0.6,-3.5,-0.94,-0.25,0.82,-0.36,0.29,0.25,
0.88,-7.84,0.0,-0.9,0.46,0.75,-0.94,0.32,0.35,-1.6,-0.53,-0.88,-0.91,0.6,-3.5,-0.94,-0.25,0.82,-0.36,0.29,0.25,
0.88,-7.84,0.0,-0.9,0.46,0.75,-0.94,0.32,0.35,-1.6,-0.53,-0.88,-0.91,0.6,-3.5,-0.94,-0.25,0.82,-0.36,0.29,0.25,
0.88,-7.84,0.0,-0.9,0.46,0.75,-0.94,0.32,0.35,-1.6,-0.53,-0.88,-0.91,0.6,-3.5,-0.94,-0.25,0.82,-0.36,0.29,0.25,
0.88,-7.84,0.0,-0.9,0.46,0.75,-0.94,0.32,0.35,-1.6,-0.53,-0.88,-0.91,0.6,-3.5,-0.94,-0.25,0.82,-0.36,0.29,0.25,
0.88,-7.84,0.0,-0.9,0.46,0.75,-0.94,0.32,0.35,-1.6,-0.53,-0.88,-0.91,0.6,-3.5,-0.94,-0.25,0.82,-0.36,0.29,0.25,
0.88,-7.84,0.0,-0.9,0.46,0.75,-0.94,0.32,0.35,-1.6,-0.53,-0.88,-0.91,0.6,-3.5,-0.94,-0.25,0.82,-0.36,0.29,0.25,
0.88,-7.84,0.0,-0.9,0.46,0.75,-0.94,0.32,0.35,-1.6,-0.53,-0.88,-0.91,0.6,-3.5,-0.94,-0.25,0.82,-0.36,0.29,0.25,
0.88,-7.84,0.0,-0.9,0.46,0.75,-0.94,0.32,0.35,-1.6,-0.53,-0.88,-0.91,0.6,-3.5,-0.94,-0.25,0.82,-0.36,0.29,0.25,
0.88,-7.84,0.0,-0.9,0.46,0.75,-0.94,0.32,0.35,-1.6,-0.53,-0.88,-0.91,0.6,-3.5,-0.94,-0.25,0.82,-0.36,0.29,0.25,
0.88,-7.84,0.0,-0.9,0.46,0.75,-0.94,0.32,0.35,-1.6,-0.53,-0.88,-0.91,0.6,-3.5,-0.94,-0.25,0.82,-0.36,0.29,0.25,
0.88,-7.84,0.0,-0.9,0.46,0.75,-0.94,0.32,0.35,-1.6,-0.53,-0.88,-0.91,0.6,-3.5,-0.94,-0.25,0.82,-0.36,0.29,0.25,
0.88,-7.84,0.0,-0.9,0.46,0.75,-0.94,0.32,0.35,-1.6,-0.53,-0.88,-0.91,0.6,-3.5,-0.94,-0.25,0.82,-0.36,0.29,0.25,
0.88,-7.84,0.0,-0.9,0.46,0.75,-0.94,0.32,0.35,-1.6,-0.53,-0.88,-0.91,0.6,-3.5,-0.94,-0.25,0.82,-0.36,0.29,0.25,
0.88,-7.84,0.0,-0.9,0.46,0.75,-0.94,0.32,0.35,-1.6,-0.53,-0.88,-0.91,0.6,-3.5,-0.94,-0.25,0.82,-0.36,0.29,0.25,
0.88,-7.84,0.0,-0.9,0.46,0.75,-0.94,0.32,0.35,-1.6,-0.53,-0.88,-0.91,0.6,-3.5,-0.94,-0.25,0.82,-0.36,0.29,0.25,
0.88,-7.84,0.0,-0.9,0.46,0.75,-0.94,0.32,0.35,-1.6,-0.53,-0.88,-0.91,0.6,-3.5,-0.94,-0.25,0.82,-0.36,0.29,0.25,
0.88,-7.84,0.0,-0.9,0.46,0.75,-0.94,0.32,0.35,-1.6,-0.53,-0.88,-0.91,0.6,-3.5,-0.94,-0.25,0.82,-0.36,0.29,0.25,
0.88,-7.84,0.0,-0.9,0.46,0.75,-0.94,0.32,0.35,-1.6,-0.53,-0.88,-0.91,0.6,-3.5,-0.94,-0.25,0.82,-0.36,0.29,0.25,
0.88,-7.84,0.0,-0.9,0.46,0.75,-0.94,0.32,0.35,-1.6,-0.53,-0.88,-0.91,0.6,-3.5,-0.94,-0.25,0.82,-0.36,0.29,0.25,
0.88,-7.84,0.0,-0.9,0.46,0.75,-0.94,0.32,0.35,-1.6,-0.53,-0.88,-0.91,0.6,-3.5,-0.94,-0.25,0.82,-0.36,0.29,0.25,
0.88,-7.84,0.0,-0.9,0.46,0.75,-0.94,0.32,0.35,-1.6,-0.53,-0.88,-0.91,0.6,-3.5,-0.94,-0.25,0.82,-0.36,0.29,0.25,
0.88,-7.6,0.0,-0.9,0.46,0.75,-0.94,0.32,0.35,-1.6,-0.53,-0.88,-0.91,0.6,-3.5,-0.94,-0.25,0.82,-0.36,0.29,0.25,
0.88,-7.6,0.0,-0.9,0.46,0.75,-0.94,0.32,0.35,-1.6,-0.53,-0.88,-0.91,0.6,-3.5,-0.94,-0.25,0.82,-0.36,0.29,0.25,
0.88,-7.6,0.0,-0.9,0.46,0.75,-0.94,0.32,0.35,-1.6,-0.53,-0.88,-0.91,0.6,-3.5,-0.94,-0.25,0.82,-0.36,0.29,0.25,
0.88,-7.6,0.0,-0.9,0.46,0.75,-0.94,0.32,0.35,-1.6,-0.53,-0.88,-0.91,0.6,-3.5,-0.94,-0.25,0.82,-0.36,0.29,0.25,
0.88,-7.6,0.0,-0.9,0.46,0.75,-0.94,0.32,0.35,-1.6,-0.53,-0.88,-0.91,0.6,-3.5,-0.94,-0.25,0.82,-0.36,0.29,0.25,
0.88,-7.6,0.0,-0.9,0.46,0.75,-0.94,0.32,0.35,-1.6,-0.53,-0.88,-0.91,0.6,-3.5,-0.94,-0.25,0.82,-0.36,0.29,0.25,
0.88,-7.6,0.0,-0.9,0.46,0.75,-0.94,0.32,0.35,-1.6,-0.53,-0.88,-0.91,0.6,-3.5,-0.94,-0.25,0.82,-0.36,0.29,0.25,
0.88,-7.6,0.0,-0.9,0.46,0.75,-0.94,0.32,0.35,-1.6,-0.53,-0.88,-0.91,0.6,-3.5,-0.94,-0.25,0.82,-0.36,0.29,0.25,
0.88,-7.6,0.0,-0.9,0.46,0.75,-0.94,0.32,0.35,-1.6,-0.53,-0.88,-0.91,0.6,-3.5,-0.94,-0.25,0.82,-0.36,0.29,0.25,
0.88,-7.6,0.0,-0.9,0.46,0.75,-0.94,0.32,0.35,-1.6,-0.53,-0.88,-0.91,0.6,-3.5,-0.94,-0.25,0.82,-0.36,0.29,0.25,
0.88,-7.6,0.0,-0.9,0.46,0.75,-0.94,0.32,0.35,-1.6,-0.53,-0.88,-0.91,0.6,-3.5,-0.94,-0.25,0.82,-0.36,0.29,0.25,
0.88,-7.6,0.0,-0.9,0.46,0.75,-0.94,0.32,0.35,-1.6,-0.53,-0.88,-0.91,0.6,-3.5,-0.94,-0.25,0.82,-0.36,0.29,0.25,
0.88,-7.6,0.0,-0.9,0.46,0.75,-0.94,0.32,0.35,-1.6,-0.53,-0.88,-0.91,0.6,-3.5,-0.94,-0.25,0.82,-0.36,0.29,0.25,
0.88,-7.6,0.0,-0.9,0.46,0.75,-0.94,0.32,0.35,-1.6,-0.53,-0.88,-0.91,0.6,-3.5,-0.94,-0.25,0.82,-0.36,0.29,0.25,
0.88,-7.6,0.0,-0.9,0.46,0.75,-0.94,0.32,0.35,-1.6,-0.53,-0.88,-0.91,0.6,-3.5,-0.94,-0.25,0.82,-0.36,0.29,0.25,
0.88,-7.6,0.0,-0.9,0.46,0.75,-0.94,0.32,0.35,-1.6,-0.53,-0.88,-0.91,0.6,-3.5,-0.94,-0.25,0.82,-0.36,0.29,0.25,
0.88,-7.6,0.0,-0.9,0.46,0.75,-0.94,0.32,0.35,-1.6,-0.53,-0.88,-0.91,0.6,-3.5,-0.94,-0.25,0.82,-0.36,0.29,0.25,
0.88,-7.6,0.0,-0.9,0.46,0.75,-0.94,0.32,0.35,-1.6,-0.53,-0.88,-0.91,0.6,-3.5,-0.94,-0.25,0.82,-0.36,0.29,0.25,
0.88,-7.6,0.0,-0.9,0.46,0.75,-0.94,0.32,0.35,-1.6,-0.53,-0.88,-0.91,0.6,-3.5,-0.94,-0.25,0.82,-0.36,0.29,0.25,
0.88,-7.6,0.0,-0.9,0.46,0.75,-0.94,0.32,0.35,-1.6,-0.53,-0.88,-0.91,0.6,-3.5,-0.94,-0.25,0.82,-0.36,0.29,0.25,
0.88,-7.6,0.0,-0.9,0.46,0.75,-0.94,0.32,0.35,-1.6,-0.53,-0.88,-0.91,0.6,-3.5,-0.94,-0.25,0.82,-0.36,0.29,0.25,
0.88,-7.6,0.0,-0.9,0.46,0.75,-0.94,0.32,0.35,-1.6,-0.53,-0.88,-0.91,0.6,-3.5,-0.94,-0.25,0.82,-0.36,0.29,0.25,
0.88,-7.6,0.0,-0.9,0.46,0.75,-0.94,0.32,0.35,-1.6,-0.53,-0.88,-0.91,0.6,-3.5,-0.94,-0.25,0.82,-0.36,0.29,0.25,
0.88,-7.6,0.0,-0.9,0.46,0.75,-0.94,0.32,0.35,-1.6,-0.53,-0.88,-0.91,0.6,-3.5,-0.94,-0.25,0.82,-0.36,0.29,0.25,
0.88,-7.6,0.0,-0.9,0.46,0.75,-0.94,0.32,0.35,-1.6,-0.53,-0.88,-0.91,0.6,-3.5,-0.94,-0.25,0.82,-0.36,0.29,0.25,
0.88,-7.6,0.0,-0.9,0.46,0.75,-0.94,0.32,0.35,-1.6,-0.53,-0.88,-0.91,0.6,-3.5,-0.94,-0.25,0.82,-0.36,0.29,0.25,
0.88,-7.6,0.0,-0.9,0.46,0.75,-0.94,0.32,0.35,-1.6,-0.53,-0.88,-0.91,0.6,-3.5,-0.94,-0.25,0.82,-0.36,0.29,0.25,
0.88,-9.84,0.0,-0.9,0.46,0.75,-0.94,0.32,0.35,-1.6,-0.53,-0.88,-0.91,0.6,-3.5,-0.94,-0.25,0.82,-0.36,0.29,0.25,
0.88,-9.8,0.0,-0.9,0.46,0.75,-0.94,0.32,0.35,-1.6,-0.53,-0.88,-0.91,0.6,-3.5,-0.94,-0.25,0.82,-0.36,0.29,0.25,
0.88,-9.71,0.0,-0.9,0.46,0.75,-0.94,0.32,0.35,-1.6,-0.53,-0.88,-0.91,0.6,-3.5,-0.94,-0.25,0.82,-0.36,0.29,0.25,
0.88,-9.7,0.0,-0.9,0.46,0.75,-0.94,0.32,0.35,-1.6,-0.53,-0.88,-0.91,0.6,-3.5,-0.94,-0.25,0.82,-0.36,0.29,0.25,
0.88,-9.7,0.0,-0.9,0.46,0.75,-0.94,0.32,0.35,-1.6,-0.53,-0.88,-0.91,0.6,-3.5,-0.94,-0.25,0.82,-0.36,0.29,0.25,
0.88,-9.48,0.0,-0.9,0.46,0.75,-0.94,0.32,0.35,-1.6,-0.53,-0.88,-0.91,0.6,-3.5,-0.94,-0.25,0.82,-0.36,0.29,0.25,
0.88,-9.43,0.0,-0.9,0.46,0.75,-0.94,0.32,0.35,-1.6,-0.53,-0.88,-0.91,0.6,-3.5,-0.94,-0.25,0.82,-0.36,0.29,0.25,
0.88,-9.3,0.0,-0.9,0.46,0.75,-0.94,0.32,0.35,-1.6,-0.53,-0.88,-0.91,0.6,-3.5,-0.94,-0.25,0.82,-0.36,0.29,0.25,
0.88,-9.28,0.0,-0.9,0.46,0.75,-0.94,0.32,0.35,-1.6,-0.53,-0.88,-0.91,0.6,-3.5,-0.94,-0.25,0.82,-0.36,0.29,0.25,
0.88,-9.26,0.0,-0.9,0.46,0.75,-0.94,0.32,0.35,-1.6,-0.53,-0.88,-0.91,0.6,-3.5,-0.94,-0.25,0.82,-0.36,0.29,0.25,
0.88,-9.21,0.0,-0.9,0.46,0.75,-0.94,0.32,0.35,-1.6,-0.53,-0.88,-0.91,0.6,-3.5,-0.94,-0.25,0.82,-0.36,0.29,0.25,
0.88,-8.98,0.0,-0.9,0.46,0.75,-0.94,0.32,0.35,-1.6,-0.53,-0.88,-0.91,0.6,-3.5,-0.94,-0.25,0.82,-0.36,0.29,0.25,
0.88,-8.97,0.0,-0.9,0.46,0.75,-0.94,0.32,0.35,-1.6,-0.53,-0.88,-0.91,0.6,-3.5,-0.94,-0.25,0.82,-0.36,0.29,0.25,
0.88,-8.92,0.0,-0.9,0.46,0.75,-0.94,0.32,0.35,-1.6,-0.53,-0.88,-0.91,0.6,-3.5,-0.94,-0.25,0.82,-0.36,0.29,0.25,
0.88,-8.7,0.0,-0.9,0.46,0.75,-0.94,0.32,0.35,-1.6,-0.53,-0.88,-0.91,0.6,-3.5,-0.94,-0.25,0.82,-0.36,0.29,0.25,
0.88,-8.7,0.0,-0.9,0.46,0.75,-0.94,0.32,0.35,-1.6,-0.53,-0.88,-0.91,0.6,-3.5,-0.94,-0.25,0.82,-0.36,0.29,0.25,
0.88,-8.7,0.0,-0.9,0.46,0.75,-0.94,0.32,0.35,-1.6,-0.53,-0.88,-0.91,0.6,-3.5,-0.94,-0.25,0.82,-0.36,0.29,0.25,
0.88,-8.7,0.0,-0.9,0.46,0.75,-0.94,0.32,0.35,-1.6,-0.53,-0.88,-0.91,0.6,-3.5,-0.94,-0.25,0.82,-0.36,0.29,0.25,
0.88,-8.7,0.0,-0.9,0.46,0.75,-0.94,0.32,0.35,-1.6,-0.53,-0.88,-0.91,0.6,-3.5,-0.94,-0.25,0.82,-0.36,0.29,0.25,
0.88,-8.7,0.0,-0.9,0.46,0.75,-0.94,0.32,0.35,-1.6,-0.53,-0.88,-0.91,0.6,-3.5,-0.94,-0.25,0.82,-0.36,0.29,0.25,
0.88,-8.7,0.0,-0.9,0.46,0.75,-0.94,0.32,0.35,-1.6,-0.53,-0.88,-0.91,0.6,-3.5,-0.94,-0.25,0.82,-0.36,0.29,0.25,
0.88,-8.7,0.0,-0.9,0.46,0.75,-0.94,0.32,0.35,-1.6,-0.53,-0.88,-0.91,0.6,-3.5,-0.94,-0.25,0.82,-0.36,0.29,0.25,
0.88,-8.7,0.0,-0.9,0.46,0.75,-0.94,0.32,0.35,-1.6,-0.53,-0.88,-0.91,0.6,-3.5,-0.94,-0.25,0.82,-0.36,0.29,0.25,
0.88,-8.7,0.0,-0.9,0.46,0.75,-0.94,0.32,0.35,-1.6,-0.53,-0.88,-0.91,0.6,-3.5,-0.94,-0.25,0.82,-0.36,0.29,0.25,
0.88,-8.7,0.0,-0.9,0.46,0.75,-0.94,0.32,0.35,-1.6,-0.53,-0.88,-0.91,0.6,-3.5,-0.94,-0.25,0.82,-0.36,0.29,0.25,
0.88,-8.7,0.0,-0.9,0.46,0.75,-0.94,0.32,0.35,-1.6,-0.53,-0.88,-0.91,0.6,-3.5,-0.94,-0.25,0.82,-0.36,0.29,0.25,
0.88,-8.7,0.0,-0.9,0.46,0.75,-0.94,0.32,0.35,-1.6,-0.53,-0.88,-0.91,0.6,-3.5,-0.94,-0.25,0.82,-0.36,0.29,0.25,
0.88,-8.7,0.0,-0.9,0.46,0.75,-0.94,0.32,0.35,-1.6,-0.53,-0.88,-0.91,0.6,-3.5,-0.94,-0.25,0.82,-0.36,0.29,0.25,
0.88,-8.7,0.0,-0.9,0.46,0.75,-0.94,0.32,0.35,-1.6,-0.53,-0.88,-0.91,0.6,-3.5,-0.94,-0.25,0.82,-0.36,0.29,0.25,
0.88,-8.7,0.0,-0.9,0.46,0.75,-0.94,0.32,0.35,-1.6,-0.53,-0.88,-0.91,0.6,-3.5,-0.94,-0.25,0.82,-0.36,0.29,0.25,
0.88,-8.7,0.0,-0.9,0.46,0.75,-0.94,0.32,0.35,-1.6,-0.53,-0.88,-0.91,0.6,-3.5,-0.94,-0.25,0.82,-0.36,0.29,0.25,
0.88,-8.7,0.0,-0.9,0.46,0.75,-0.94,0.32,0.35,-1.6,-0.53,-0.88,-0.91,0.6,-3.5,-0.94,-0.25,0.82,-0.36,0.29,0.25,
0.88,-8.7,0.0,-0.9,0.46,0.75,-0.94,0.32,0.35,-1.6,-0.53,-0.88,-0.91,0.6,-3.5,-0.94,-0.25,0.82,-0.36,0.29,0.25,
0.88,-8.7,0.0,-0.9,0.46,0.75,-0.94,0.32,0.35,-1.6,-0.53,-0.88,-0.91,0.6,-3.5,-0.94,-0.25,0.82,-0.36,0.29,0.25,
0.88,-8.7,0.0,-0.9,0.46,0.75,-0.94,0.32,0.35,-1.6,-0.53,-0.88,-0.91,0.6,-3.5,-0.94,-0.25,0.82,-0.36,0.29,0.25,
0.88,-8.7,0.0,-0.9,0.46,0.75,-0.94,0.32,0.35,-1.6,-0.53,-0.88,-0.91,0.6,-3.5,-0.94,-0.25,0.82,-0.36,0.29,0.25,
0.88,-8.7,0.0,-0.9,0.46,0.75,-0.94,0.32,0.35,-1.6,-0.53,-0.88,-0.91,0.6,-3.5,-0.94,-0.25,0.82,-0.36,0.29,0.25,
0.88,-8.7,0.0,-0.9,0.46,0.75,-0.94,0.32,0.35,-1.6,-0.53,-0.88,-0.91,0.6,-3.5,-0.94,-0.25,0.82,-0.36,0.29,0.25,
0.88,-8.7,0.0,-0.9,0.46,0.75,-0.94,0.32,0.35,-1.6,-0.53,-0.88,-0.91,0.6,-3.5,-0.94,-0.25,0.82,-0.36,0.29,0.25,
0.88,-8.64,0.0,-0.9,0.46,0.75,-0.94,0.32,0.35,-1.6,-0.53,-0.88,-0.91,0.6,-3.5,-0.94,-0.25,0.82,-0.36,0.29,0.25,
0.88,-8.56,0.0,-0.9,0.46,0.75,-0.94,0.32,0.35,-1.6,-0.53,-0.88,-0.91,0.6,-3.5,-0.94,-0.25,0.82,-0.36,0.29,0.25,
0.88,-8.52,0.0,-0.9,0.46,0.75,-0.94,0.32,0.35,-1.6,-0.53,-0.88,-0.91,0.6,-3.5,-0.94,-0.25,0.82,-0.36,0.29,0.25,
0.88,-8.38,0.0,-0.9,0.46,0.75,-0.94,0.32,0.35,-1.6,-0.53,-0.88,-0.91,0.6,-3.5,-0.94,-0.25,0.82,-0.36,0.29,0.25,
0.88,-8.3,0.0,-0.9,0.46,0.75,-0.94,0.32,0.35,-1.6,-0.53,-0.88,-0.91,0.6,-3.5,-0.94,-0.25,0.82,-0.36,0.29,0.25,
0.88,-8.25,0.0,-0.9,0.46,0.75,-0.94,0.32,0.35,-1.6,-0.53,-0.88,-0.91,0.6,-3.5,-0.94,-0.25,0.82,-0.36,0.29,0.25,
0.88,-7.98,0.0,-0.9,0.46,0.75,-0.94,0.32,0.35,-1.6,-0.53,-0.88,-0.91,0.6,-3.5,-0.94,-0.25,0.82,-0.36,0.29,0.25,
0.88,-7.94,0.0,-0.9,0.46,0.75,-0.94,0.32,0.35,-1.6,-0.53,-0.88,-0.91,0.6,-3.5,-0.94,-0.25,0.82,-0.36,0.29,0.25,
0.88,-7.94,0.0,-0.9,0.46,0.75,-0.94,0.32,0.35,-1.6,-0.53,-0.88,-0.91,0.6,-3.5,-0.94,-0.25,0.82,-0.36,0.29,0.25,
0.88,-7.94,0.0,-0.9,0.46,0.75,-0.94,0.32,0.35,-1.6,-0.53,-0.88,-0.91,0.6,-3.5,-0.94,-0.25,0.82,-0.36,0.29,0.25,
0.88,-7.94,0.0,-0.9,0.46,0.75,-0.94,0.32,0.35,-1.6,-0.53,-0.88,-0.91,0.6,-3.5,-0.94,-0.25,0.82,-0.36,0.29,0.25,
0.88,-7.94,0.0,-0.9,0.46,0.75,-0.94,0.32,0.35,-1.6,-0.53,-0.88,-0.91,0.6,-3.5,-0.94,-0.25,0.82,-0.36,0.29,0.25,
0.88,-7.94,0.0,-0.9,0.46,0.75,-0.94,0.32,0.35,-1.6,-0.53,-0.88,-0.91,0.6,-3.5,-0.94,-0.25,0.82,-0.36,0.29,0.25,
0.88,-7.94,0.0,-0.9,0.46,0.75,-0.94,0.32,0.35,-1.6,-0.53,-0.88,-0.91,0.6,-3.5,-0.94,-0.25,0.82,-0.36,0.29,0.25,
0.88,-7.94,0.0,-0.9,0.46,0.75,-0.94,0.32,0.35,-1.6,-0.53,-0.88,-0.91,0.6,-3.5,-0.94,-0.25,0.82,-0.36,0.29,0.25,
0.88,-7.94,0.0,-0.9,0.46,0.75,-0.94,0.32,0.35,-1.6,-0.53,-0.88,-0.91,0.6,-3.5,-0.94,-0.25,0.82,-0.36,0.29,0.25,
0.88,-7.94,0.0,-0.9,0.46,0.75,-0.94,0.32,0.35,-1.6,-0.53,-0.88,-0.91,0.6,-3.5,-0.94,-0.25,0.82,-0.36,0.29,0.25,
0.88,-7.94,0.0,-0.9,0.46,0.75,-0.94,0.32,0.35,-1.6,-0.53,-0.88,-0.91,0.6,-3.5,-0.94,-0.25,0.82,-0.36,0.29,0.25,
0.88,-7.94,0.0,-0.9,0.46,0.75,-0.94,0.32,0.35,-1.6,-0.53,-0.88,-0.91,0.6,-3.5,-0.94,-0.25,0.82,-0.36,0.29,0.25,
0.88,-7.94,0.0,-0.9,0.46,0.75,-0.94,0.32,0.35,-1.6,-0.53,-0.88,-0.91,0.6,-3.5,-0.94,-0.25,0.82,-0.36,0.29,0.25,
0.88,-7.94,0.0,-0.9,0.46,0.75,-0.94,0.32,0.35,-1.6,-0.53,-0.88,-0.91,0.6,-3.5,-0.94,-0.25,0.82,-0.36,0.29,0.25,
0.88,-7.94,0.0,-0.9,0.46,0.75,-0.94,0.32,0.35,-1.6,-0.53,-0.88,-0.91,0.6,-3.5,-0.94,-0.25,0.82,-0.36,0.29,0.25,
0.88,-7.94,0.0,-0.9,0.46,0.75,-0.94,0.32,0.35,-1.6,-0.53,-0.88,-0.91,0.6,-3.5,-0.94,-0.25,0.82,-0.36,0.29,0.25,
0.88,-7.94,0.0,-0.9,0.46,0.75,-0.94,0.32,0.35,-1.6,-0.53,-0.88,-0.91,0.6,-3.5,-0.94,-0.25,0.82,-0.36,0.29,0.25,
0.88,-7.94,0.0,-0.9,0.46,0.75,-0.94,0.32,0.35,-1.6,-0.53,-0.88,-0.91,0.6,-3.5,-0.94,-0.25,0.82,-0.36,0.29,0.25,
0.88,-7.94,0.0,-0.9,0.46,0.75,-0.94,0.32,0.35,-1.6,-0.53,-0.88,-0.91,0.6,-3.5,-0.94,-0.25,0.82,-0.36,0.29,0.25,
0.88,-7.94,0.0,-0.9,0.46,0.75,-0.94,0.32,0.35,-1.6,-0.53,-0.88,-0.91,0.6,-3.5,-0.94,-0.25,0.82,-0.36,0.29,0.25,
0.88,-7.94,0.0,-0.9,0.46,0.75,-0.94,0.32,0.35,-1.6,-0.53,-0.88,-0.91,0.6,-3.5,-0.94,-0.25,0.82,-0.36,0.29,0.25,
0.88,-7.94,0.0,-0.9,0.46,0.75,-0.94,0.32,0.35,-1.6,-0.53,-0.88,-0.91,0.6,-3.5,-0.94,-0.25,0.82,-0.36,0.29,0.25,
0.88,-7.94,0.0,-0.9,0.46,0.75,-0.94,0.32,0.35,-1.6,-0.53,-0.88,-0.91,0.6,-3.5,-0.94,-0.25,0.82,-0.36,0.29,0.25,
0.88,-7.94,0.0,-0.9,0.46,0.75,-0.94,0.32,0.35,-1.6,-0.53,-0.88,-0.91,0.6,-3.5,-0.94,-0.25,0.82,-0.36,0.29,0.25,
0.88,-7.94,0.0,-0.9,0.46,0.75,-0.94,0.32,0.35,-1.6,-0.53,-0.88,-0.91,0.6,-3.5,-0.94,-0.25,0.82,-0.36,0.29,0.25,
0.88,-7.94,0.0,-0.9,0.46,0.75,-0.94,0.32,0.35,-1.6,-0.53,-0.88,-0.91,0.6,-3.5,-0.94,-0.25,0.82,-0.36,0.29,0.25,
0.88,-7.94,0.0,-0.9,0.46,0.75,-0.94,0.32,0.35,-1.6,-0.53,-0.88,-0.91,0.6,-3.5,-0.94,-0.25,0.82,-0.36,0.29,0.25,
0.88,-7.94,0.0,-0.9,0.46,0.75,-0.94,0.32,0.35,-1.6,-0.53,-0.88,-0.91,0.6,-3.5,-0.94,-0.25,0.82,-0.36,0.29,0.25,
0.88,-7.94,0.0,-0.9,0.46,0.75,-0.94,0.32,0.35,-1.6,-0.53,-0.88,-0.91,0.6,-3.5,-0.94,-0.25,0.82,-0.36,0.29,0.25,
0.88,-7.94,0.0,-0.9,0.46,0.75,-0.94,0.32,0.35,-1.6,-0.53,-0.88,-0.91,0.6,-3.5,-0.94,-0.25,0.82,-0.36,0.29,0.25,
0.88,-7.94,0.0,-0.9,0.46,0.75,-0.94,0.32,0.35,-1.6,-0.53,-0.88,-0.91,0.6,-3.5,-0.94,-0.25,0.82,-0.36,0.29,0.25,
0.88,-7.94,0.0,-0.9,0.46,0.75,-0.94,0.32,0.35,-1.6,-0.53,-0.88,-0.91,0.6,-3.5,-0.94,-0.25,0.82,-0.36,0.29,0.25,
0.88,-7.94,0.0,-0.9,0.46,0.75,-0.94,0.32,0.35,-1.6,-0.53,-0.88,-0.91,0.6,-3.5,-0.94,-0.25,0.82,-0.36,0.29,0.25,
0.88,-7.94,0.0,-0.9,0.46,0.75,-0.94,0.32,0.35,-1.6,-0.53,-0.88,-0.91,0.6,-3.5,-0.94,-0.25,0.82,-0.36,0.29,0.25,
0.88,-7.85,0.0,-0.9,0.46,0.75,-0.94,0.32,0.35,-1.6,-0.53,-0.88,-0.91,0.6,-3.5,-0.94,-0.25,0.82,-0.36,0.29,0.25,
0.88,-7.85,0.0,-0.9,0.46,0.75,-0.94,0.32,0.35,-1.6,-0.53,-0.88,-0.91,0.6,-3.5,-0.94,-0.25,0.82,-0.36,0.29,0.25,
0.88,-7.85,0.0,-0.9,0.46,0.75,-0.94,0.32,0.35,-1.6,-0.53,-0.88,-0.91,0.6,-3.5,-0.94,-0.25,0.82,-0.36,0.29,0.25,
0.88,-7.85,0.0,-0.9,0.46,0.75,-0.94,0.32,0.35,-1.6,-0.53,-0.88,-0.91,0.6,-3.5,-0.94,-0.25,0.82,-0.36,0.29,0.25,
0.88,-7.85,0.0,-0.9,0.46,0.75,-0.94,0.32,0.35,-1.6,-0.53,-0.88,-0.91,0.6,-3.5,-0.94,-0.25,0.82,-0.36,0.29,0.25,
0.88,-7.85,0.0,-0.9,0.46,0.75,-0.94,0.32,0.35,-1.6,-0.53,-0.88,-0.91,0.6,-3.5,-0.94,-0.25,0.82,-0.36,0.29,0.25,
0.88,-7.85,0.0,-0.9,0.46,0.75,-0.94,0.32,0.35,-1.6,-0.53,-0.88,-0.91,0.6,-3.5,-0.94,-0.25,0.82,-0.36,0.29,0.25,
0.88,-7.85,0.0,-0.9,0.46,0.75,-0.94,0.32,0.35,-1.6,-0.53,-0.88,-0.91,0.6,-3.5,-0.94,-0.25,0.82,-0.36,0.29,0.25,
0.88,-7.85,0.0,-0.9,0.46,0.75,-0.94,0.32,0.35,-1.6,-0.53,-0.88,-0.91,0.6,-3.5,-0.94,-0.25,0.82,-0.36,0.29,0.25,
0.88,-7.85,0.0,-0.9,0.46,0.75,-0.94,0.32,0.35,-1.6,-0.53,-0.88,-0.91,0.6,-3.5,-0.94,-0.25,0.82,-0.36,0.29,0.25,
0.88,-7.85,0.0,-0.9,0.46,0.75,-0.94,0.32,0.35,-1.6,-0.53,-0.88,-0.91,0.6,-3.5,-0.94,-0.25,0.82,-0.36,0.29,0.25,
0.88,-7.85,0.0,-0.9,0.46,0.75,-0.94,0.32,0.35,-1.6,-0.53,-0.88,-0.91,0.6,-3.5,-0.94,-0.25,0.82,-0.36,0.29,0.25,
0.88,-7.85,0.0,-0.9,0.46,0.75,-0.94,0.32,0.35,-1.6,-0.53,-0.88,-0.91,0.6,-3.5,-0.94,-0.25,0.82,-0.36,0.29,0.25,
0.88,-7.85,0.0,-0.9,0.46,0.75,-0.94,0.32,0.35,-1.6,-0.53,-0.88,-0.91,0.6,-3.5,-0.94,-0.25,0.82,-0.36,0.29,0.25,
0.88,-7.85,0.0,-0.9,0.46,0.75,-0.94,0.32,0.35,-1.6,-0.53,-0.88,-0.91,0.6,-3.5,-0.94,-0.25,0.82,-0.36,0.29,0.25,
0.88,-7.85,0.0,-0.9,0.46,0.75,-0.94,0.32,0.35,-1.6,-0.53,-0.88,-0.91,0.6,-3.5,-0.94,-0.25,0.82,-0.36,0.29,0.25,
0.88,-7.85,0.0,-0.9,0.46,0.75,-0.94,0.32,0.35,-1.6,-0.53,-0.88,-0.91,0.6,-3.5,-0.94,-0.25,0.82,-0.36,0.29,0.25,
0.88,-7.85,0.0,-0.9,0.46,0.75,-0.94,0.32,0.35,-1.6,-0.53,-0.88,-0.91,0.6,-3.5,-0.94,-0.25,0.82,-0.36,0.29,0.25,
0.88,-7.85,0.0,-0.9,0.46,0.75,-0.94,0.32,0.35,-1.6,-0.53,-0.88,-0.91,0.6,-3.5,-0.94,-0.25,0.82,-0.36,0.29,0.25,
0.88,-7.85,0.0,-0.9,0.46,0.75,-0.94,0.32,0.35,-1.6,-0.53,-0.88,-0.91,0.6,-3.5,-0.94,-0.25,0.82,-0.36,0.29,0.25,
0.88,-7.85,0.0,-0.9,0.46,0.75,-0.94,0.32,0.35,-1.6,-0.53,-0.88,-0.91,0.6,-3.5,-0.94,-0.25,0.82,-0.36,0.29,0.25,
0.88,-7.85,0.0,-0.9,0.46,0.75,-0.94,0.32,0.35,-1.6,-0.53,-0.88,-0.91,0.6,-3.5,-0.94,-0.25,0.82,-0.36,0.29,0.25,
0.88,-7.85,0.0,-0.9,0.46,0.75,-0.94,0.32,0.35,-1.6,-0.53,-0.88,-0.91,0.6,-3.5,-0.94,-0.25,0.82,-0.36,0.29,0.25,
0.88,-7.85,0.0,-0.9,0.46,0.75,-0.94,0.32,0.35,-1.6,-0.53,-0.88,-0.91,0.6,-3.5,-0.94,-0.25,0.82,-0.36,0.29,0.25,
0.88,-7.85,0.0,-0.9,0.46,0.75,-0.94,0.32,0.35,-1.6,-0.53,-0.88,-0.91,0.6,-3.5,-0.94,-0.25,0.82,-0.36,0.29,0.25,
0.88,-7.84,0.0,-0.9,0.46,0.75,-0.94,0.32,0.35,-1.6,-0.53,-0.88,-0.91,0.6,-3.5,-0.94,-0.25,0.82,-0.36,0.29,0.25,
0.88,-7.84,0.0,-0.9,0.46,0.75,-0.94,0.32,0.35,-1.6,-0.53,-0.88,-0.91,0.6,-3.5,-0.94,-0.25,0.82,-0.36,0.29,0.25,
0.88,-7.84,0.0,-0.9,0.46,0.75,-0.94,0.32,0.35,-1.6,-0.53,-0.88,-0.91,0.6,-3.5,-0.94,-0.25,0.82,-0.36,0.29,0.25,
0.88,-7.84,0.0,-0.9,0.46,0.75,-0.94,0.32,0.35,-1.6,-0.53,-0.88,-0.91,0.6,-3.5,-0.94,-0.25,0.82,-0.36,0.29,0.25,
0.88,-7.84,0.0,-0.9,0.46,0.75,-0.94,0.32,0.35,-1.6,-0.53,-0.88,-0.91,0.6,-3.5,-0.94,-0.25,0.82,-0.36,0.29,0.25,
0.88,-7.84,0.0,-0.9,0.46,0.75,-0.94,0.32,0.35,-1.6,-0.53,-0.88,-0.91,0.6,-3.5,-0.94,-0.25,0.82,-0.36,0.29,0.25,
0.88,-7.84,0.0,-0.9,0.46,0.75,-0.94,0.32,0.35,-1.6,-0.53,-0.88,-0.91,0.6,-3.5,-0.94,-0.25,0.82,-0.36,0.29,0.25,
0.88,-7.84,0.0,-0.9,0.46,0.75,-0.94,0.32,0.35,-1.6,-0.53,-0.88,-0.91,0.6,-3.5,-0.94,-0.25,0.82,-0.36,0.29,0.25,
0.88,-7.84,0.0,-0.9,0.46,0.75,-0.94,0.32,0.35,-1.6,-0.53,-0.88,-0.91,0.6,-3.5,-0.94,-0.25,0.82,-0.36,0.29,0.25,
0.88,-7.84,0.0,-0.9,0.46,0.75,-0.94,0.32,0.35,-1.6,-0.53,-0.88,-0.91,0.6,-3.5,-0.94,-0.25,0.82,-0.36,0.29,0.25,
0.88,-7.84,0.0,-0.9,0.46,0.75,-0.94,0.32,0.35,-1.6,-0.53,-0.88,-0.91,0.6,-3.5,-0.94,-0.25,0.82,-0.36,0.29,0.25,
0.88,-7.84,0.0,-0.9,0.46,0.75,-0.94,0.32,0.35,-1.6,-0.53,-0.88,-0.91,0.6,-3.5,-0.94,-0.25,0.82,-0.36,0.29,0.25,
0.88,-7.84,0.0,-0.9,0.46,0.75,-0.94,0.32,0.35,-1.6,-0.53,-0.88,-0.91,0.6,-3.5,-0.94,-0.25,0.82,-0.36,0.29,0.25,
0.88,-7.84,0.0,-0.9,0.46,0.75,-0.94,0.32,0.35,-1.6,-0.53,-0.88,-0.91,0.6,-3.5,-0.94,-0.25,0.82,-0.36,0.29,0.25,
0.88,-7.84,0.0,-0.9,0.46,0.75,-0.94,0.32,0.35,-1.6,-0.53,-0.88,-0.91,0.6,-3.5,-0.94,-0.25,0.82,-0.36,0.29,0.25,
0.88,-7.84,0.0,-0.9,0.46,0.75,-0.94,0.32,0.35,-1.6,-0.53,-0.88,-0.91,0.6,-3.5,-0.94,-0.25,0.82,-0.36,0.29,0.25,
0.88,-7.84,0.0,-0.9,0.46,0.75,-0.94,0.32,0.35,-1.6,-0.53,-0.88,-0.91,0.6,-3.5,-0.94,-0.25,0.82,-0.36,0.29,0.25,
0.88,-7.84,0.0,-0.9,0.46,0.75,-0.94,0.32,0.35,-1.6,-0.53,-0.88,-0.91,0.6,-3.5,-0.94,-0.25,0.82,-0.36,0.29,0.25,
0.88,-7.84,0.0,-0.9,0.46,0.75,-0.94,0.32,0.35,-1.6,-0.53,-0.88,-0.91,0.6,-3.5,-0.94,-0.25,0.82,-0.36,0.29,0.25,
0.88,-7.84,0.0,-0.9,0.46,0.75,-0.94,0.32,0.35,-1.6,-0.53,-0.88,-0.91,0.6,-3.5,-0.94,-0.25,0.82,-0.36,0.29,0.25,
0.88,-7.84,0.0,-0.9,0.46,0.75,-0.94,0.32,0.35,-1.6,-0.53,-0.88,-0.91,0.6,-3.5,-0.94,-0.25,0.82,-0.36,0.29,0.25,
0.88,-7.84,0.0,-0.9,0.46,0.75,-0.94,0.32,0.35,-1.6,-0.53,-0.88,-0.91,0.6,-3.5,-0.94,-0.25,0.82,-0.36,0.29,0.25,
0.88,-7.84,0.0,-0.9,0.46,0.75,-0.94,0.32,0.35,-1.6,-0.53,-0.88,-0.91,0.6,-3.5,-0.94,-0.25,0.82,-0.36,0.29,0.25,
0.88,-7.84,0.0,-0.9,0.46,0.75,-0.94,0.32,0.35,-1.6,-0.53,-0.88,-0.91,0.6,-3.5,-0.94,-0.25,0.82,-0.36,0.29,0.25,
0.88,-7.84,0.0,-0.9,0.46,0.75,-0.94,0.32,0.35,-1.6,-0.53,-0.88,-0.91,0.6,-3.5,-0.94,-0.25,0.82,-0.36,0.29,0.25,
0.88,-7.84,0.0,-0.9,0.46,0.75,-0.94,0.32,0.35,-1.6,-0.53,-0.88,-0.91,0.6,-3.5,-0.94,-0.25,0.82,-0.36,0.29,0.25,
0.88,-7.84,0.0,-0.9,0.46,0.75,-0.94,0.32,0.35,-1.6,-0.53,-0.88,-0.91,0.6,-3.5,-0.94,-0.25,0.82,-0.36,0.29,0.25,
0.88,-7.84,0.0,-0.9,0.46,0.75,-0.94,0.32,0.35,-1.6,-0.53,-0.88,-0.91,0.6,-3.5,-0.94,-0.25,0.82,-0.36,0.29,0.25,
0.88,-7.84,0.0,-0.9,0.46,0.75,-0.94,0.32,0.35,-1.6,-0.53,-0.88,-0.91,0.6,-3.5,-0.94,-0.25,0.82,-0.36,0.29,0.25,
0.88,-7.84,0.0,-0.9,0.46,0.75,-0.94,0.32,0.35,-1.6,-0.53,-0.88,-0.91,0.6,-3.5,-0.94,-0.25,0.82,-0.36,0.29,0.25,
0.88,-7.6,0.0,-0.9,0.46,0.75,-0.94,0.32,0.35,-1.6,-0.53,-0.88,-0.91,0.6,-3.5,-0.94,-0.25,0.82,-0.36,0.29,0.25,
0.88,-7.6,0.0,-0.9,0.46,0.75,-0.94,0.32,0.35,-1.6,-0.53,-0.88,-0.91,0.6,-3.5,-0.94,-0.25,0.82,-0.36,0.29,0.25,
0.88,-7.6,0.0,-0.9,0.46,0.75,-0.94,0.32,0.35,-1.6,-0.53,-0.88,-0.91,0.6,-3.5,-0.94,-0.25,0.82,-0.36,0.29,0.25,
0.88,-7.6,0.0,-0.9,0.46,0.75,-0.94,0.32,0.35,-1.6,-0.53,-0.88,-0.91,0.6,-3.5,-0.94,-0.25,0.82,-0.36,0.29,0.25,
0.88,-7.6,0.0,-0.9,0.46,0.75,-0.94,0.32,0.35,-1.6,-0.53,-0.88,-0.91,0.6,-3.5,-0.94,-0.25,0.82,-0.36,0.29,0.25,
0.88,-7.6,0.0,-0.9,0.46,0.75,-0.94,0.32,0.35,-1.6,-0.53,-0.88,-0.91,0.6,-3.5,-0.94,-0.25,0.82,-0.36,0.29,0.25,
0.88,-7.6,0.0,-0.9,0.46,0.75,-0.94,0.32,0.35,-1.6,-0.53,-0.88,-0.91,0.6,-3.5,-0.94,-0.25,0.82,-0.36,0.29,0.25,
0.88,-7.6,0.0,-0.9,0.46,0.75,-0.94,0.32,0.35,-1.6,-0.53,-0.88,-0.91,0.6,-3.5,-0.94,-0.25,0.82,-0.36,0.29,0.25,
0.88,-7.6,0.0,-0.9,0.46,0.75,-0.94,0.32,0.35,-1.6,-0.53,-0.88,-0.91,0.6,-3.5,-0.94,-0.25,0.82,-0.36,0.29,0.25,
0.88,-7.6,0.0,-0.9,0.46,0.75,-0.94,0.32,0.35,-1.6,-0.53,-0.88,-0.91,0.6,-3.5,-0.94,-0.25,0.82,-0.36,0.29,0.25,
0.88,-7.6,0.0,-0.9,0.46,0.75,-0.94,0.32,0.35,-1.6,-0.53,-0.88,-0.91,0.6,-3.5,-0.94,-0.25,0.82,-0.36,0.29,0.25,
0.88,-7.6,0.0,-0.9,0.46,0.75,-0.94,0.32,0.35,-1.6,-0.53,-0.88,-0.91,0.6,-3.5,-0.94,-0.25,0.82,-0.36,0.29,0.25,
0.88,-7.6,0.0,-0.9,0.46,0.75,-0.94,0.32,0.35,-1.6,-0.53,-0.88,-0.91,0.6,-3.5,-0.94,-0.25,0.82,-0.36,0.29,0.25,
0.88,-7.6,0.0,-0.9,0.46,0.75,-0.94,0.32,0.35,-1.6,-0.53,-0.88,-0.91,0.6,-3.5,-0.94,-0.25,0.82,-0.36,0.29,0.25,
0.88,-7.6,0.0,-0.9,0.46,0.75,-0.94,0.32,0.35,-1.6,-0.53,-0.88,-0.91,0.6,-3.5,-0.94,-0.25,0.82,-0.36,0.29,0.25,
0.88,-7.6,0.0,-0.9,0.46,0.75,-0.94,0.32,0.35,-1.6,-0.53,-0.88,-0.91,0.6,-3.5,-0.94,-0.25,0.82,-0.36,0.29,0.25,
0.88,-7.6,0.0,-0.9,0.46,0.75,-0.94,0.32,0.35,-1.6,-0.53,-0.88,-0.91,0.6,-3.5,-0.94,-0.25,0.82,-0.36,0.29,0.25,
0.88,-7.6,0.0,-0.9,0.46,0.75,-0.94,0.32,0.35,-1.6,-0.53,-0.88,-0.91,0.6,-3.5,-0.94,-0.25,0.82,-0.36,0.29,0.25,
0.88,-7.6,0.0,-0.9,0.46,0.75,-0.94,0.32,0.35,-1.6,-0.53,-0.88,-0.91,0.6,-3.5,-0.94,-0.25,0.82,-0.36,0.29,0.25,
0.88,-7.6,0.0,-0.9,0.46,0.75,-0.94,0.32,0.35,-1.6,-0.53,-0.88,-0.91,0.6,-3.5,-0.94,-0.25,0.82,-0.36,0.29,0.25,
0.88,-7.6,0.0,-0.9,0.46,0.75,-0.94,0.32,0.35,-1.6,-0.53,-0.88,-0.91,0.6,-3.5,-0.94,-0.25,0.82,-0.36,0.29,0.25,
0.88,-7.6,0.0,-0.9,0.46,0.75,-0.94,0.32,0.35,-1.6,-0.53,-0.88,-0.91,0.6,-3.5,-0.94,-0.25,0.82,-0.36,0.29,0.25,
0.88,-7.6,0.0,-0.9,0.46,0.75,-0.94,0.32,0.35,-1.6,-0.53,-0.88,-0.91,0.6,-3.5,-0.94,-0.25,0.82,-0.36,0.29,0.25,
0.88,-7.6,0.0,-0.9,0.46,0.75,-0.94,0.32,0.35,-1.6,-0.53,-0.88,-0.91,0.6,-3.5,-0.94,-0.25,0.82,-0.36,0.29,0.25,
0.88,-7.6,0.0,-0.9,0.46,0.75,-0.94,0.32,0.35,-1.6,-0.53,-0.88,-0.91,0.6,-3.5,-0.94,-0.25,0.82,-0.36,0.29,0.25,
0.88,-7.6,0.0,-0.9,0.46,0.75,-0.94,0.32,0.35,-1.6,-0.53,-0.88,-0.91,0.6,-3.5,-0.94,-0.25,0.82,-0.36,0.29,0.25,
0.88,-7.6,0.0,-0.9,0.46,0.75,-0.94,0.32,0.35,-1.6,-0.53,-0.88,-0.91,0.6,-3.5,-0.94,-0.25,0.82,-0.36,0.29,0.25,
0.88,-7.6,0.0,-0.9,0.46,0.75,-0.94,0.32,0.35,-1.6,-0.53,-0.88,-0.91,0.6,-3.5,-0.94,-0.25,0.82,-0.36,0.29,0.25,
0.88,-7.6,0.0,-0.9,0.46,0.75,-0.94,0.32,0.35,-1.6,-0.53,-0.88,-0.91,0.6,-3.5,-0.94,-0.25,0.82,-0.36,0.29,0.25,
0.88,-10.3,0.0,-0.9,0.46,0.75,-0.94,0.32,0.35,-1.6,-0.53,-0.88,-0.91,0.6,-3.5,-0.94,-0.25,0.82,-0.36,0.29,0.25,
0.88,-9.81,0.0,-0.9,0.46,0.75,-0.94,0.32,0.35,-1.6,-0.53,-0.88,-0.91,0.6,-3.5,-0.94,-0.25,0.82,-0.36,0.29,0.25,
0.88,-9.77,0.0,-0.9,0.46,0.75,-0.94,0.32,0.35,-1.6,-0.53,-0.88,-0.91,0.6,-3.5,-0.94,-0.25,0.82,-0.36,0.29,0.25,
0.88,-9.7,0.0,-0.9,0.46,0.75,-0.94,0.32,0.35,-1.6,-0.53,-0.88,-0.91,0.6,-3.5,-0.94,-0.25,0.82,-0.36,0.29,0.25,
0.88,-9.65,0.0,-0.9,0.46,0.75,-0.94,0.32,0.35,-1.6,-0.53,-0.88,-0.91,0.6,-3.5,-0.94,-0.25,0.82,-0.36,0.29,0.25,
0.88,-9.54,0.0,-0.9,0.46,0.75,-0.94,0.32,0.35,-1.6,-0.53,-0.88,-0.91,0.6,-3.5,-0.94,-0.25,0.82,-0.36,0.29,0.25,
0.88,-9.52,0.0,-0.9,0.46,0.75,-0.94,0.32,0.35,-1.6,-0.53,-0.88,-0.91,0.6,-3.5,-0.94,-0.25,0.82,-0.36,0.29,0.25,
0.88,-9.2,0.0,-0.9,0.46,0.75,-0.94,0.32,0.35,-1.6,-0.53,-0.88,-0.91,0.6,-3.5,-0.94,-0.25,0.82,-0.36,0.29,0.25,
0.88,-8.93,0.0,-0.9,0.46,0.75,-0.94,0.32,0.35,-1.6,-0.53,-0.88,-0.91,0.6,-3.5,-0.94,-0.25,0.82,-0.36,0.29,0.25,
0.88,-8.78,0.0,-0.9,0.46,0.75,-0.94,0.32,0.35,-1.6,-0.53,-0.88,-0.91,0.6,-3.5,-0.94,-0.25,0.82,-0.36,0.29,0.25,
0.88,-8.76,0.0,-0.9,0.46,0.75,-0.94,0.32,0.35,-1.6,-0.53,-0.88,-0.91,0.6,-3.5,-0.94,-0.25,0.82,-0.36,0.29,0.25,
0.88,-8.73,0.0,-0.9,0.46,0.75,-0.94,0.32,0.35,-1.6,-0.53,-0.88,-0.91,0.6,-3.5,-0.94,-0.25,0.82,-0.36,0.29,0.25,
0.88,-8.7,0.0,-0.9,0.46,0.75,-0.94,0.32,0.35,-1.6,-0.53,-0.88,-0.91,0.6,-3.5,-0.94,-0.25,0.82,-0.36,0.29,0.25,
0.88,-8.7,0.0,-0.9,0.46,0.75,-0.94,0.32,0.35,-1.6,-0.53,-0.88,-0.91,0.6,-3.5,-0.94,-0.25,0.82,-0.36,0.29,0.25,
0.88,-8.7,0.0,-0.9,0.46,0.75,-0.94,0.32,0.35,-1.6,-0.53,-0.88,-0.91,0.6,-3.5,-0.94,-0.25,0.82,-0.36,0.29,0.25,
0.88,-8.7,0.0,-0.9,0.46,0.75,-0.94,0.32,0.35,-1.6,-0.53,-0.88,-0.91,0.6,-3.5,-0.94,-0.25,0.82,-0.36,0.29,0.25,
0.88,-8.7,0.0,-0.9,0.46,0.75,-0.94,0.32,0.35,-1.6,-0.53,-0.88,-0.91,0.6,-3.5,-0.94,-0.25,0.82,-0.36,0.29,0.25,
0.88,-8.7,0.0,-0.9,0.46,0.75,-0.94,0.32,0.35,-1.6,-0.53,-0.88,-0.91,0.6,-3.5,-0.94,-0.25,0.82,-0.36,0.29,0.25,
0.88,-8.7,0.0,-0.9,0.46,0.75,-0.94,0.32,0.35,-1.6,-0.53,-0.88,-0.91,0.6,-3.5,-0.94,-0.25,0.82,-0.36,0.29,0.25,
0.88,-8.7,0.0,-0.9,0.46,0.75,-0.94,0.32,0.35,-1.6,-0.53,-0.88,-0.91,0.6,-3.5,-0.94,-0.25,0.82,-0.36,0.29,0.25,
0.88,-8.7,0.0,-0.9,0.46,0.75,-0.94,0.32,0.35,-1.6,-0.53,-0.88,-0.91,0.6,-3.5,-0.94,-0.25,0.82,-0.36,0.29,0.25,
0.88,-8.7,0.0,-0.9,0.46,0.75,-0.94,0.32,0.35,-1.6,-0.53,-0.88,-0.91,0.6,-3.5,-0.94,-0.25,0.82,-0.36,0.29,0.25,
0.88,-8.7,0.0,-0.9,0.46,0.75,-0.94,0.32,0.35,-1.6,-0.53,-0.88,-0.91,0.6,-3.5,-0.94,-0.25,0.82,-0.36,0.29,0.25,
0.88,-8.7,0.0,-0.9,0.46,0.75,-0.94,0.32,0.35,-1.6,-0.53,-0.88,-0.91,0.6,-3.5,-0.94,-0.25,0.82,-0.36,0.29,0.25,
0.88,-8.7,0.0,-0.9,0.46,0.75,-0.94,0.32,0.35,-1.6,-0.53,-0.88,-0.91,0.6,-3.5,-0.94,-0.25,0.82,-0.36,0.29,0.25,
0.88,-8.7,0.0,-0.9,0.46,0.75,-0.94,0.32,0.35,-1.6,-0.53,-0.88,-0.91,0.6,-3.5,-0.94,-0.25,0.82,-0.36,0.29,0.25,
0.88,-8.7,0.0,-0.9,0.46,0.75,-0.94,0.32,0.35,-1.6,-0.53,-0.88,-0.91,0.6,-3.5,-0.94,-0.25,0.82,-0.36,0.29,0.25,
0.88,-8.7,0.0,-0.9,0.46,0.75,-0.94,0.32,0.35,-1.6,-0.53,-0.88,-0.91,0.6,-3.5,-0.94,-0.25,0.82,-0.36,0.29,0.25,
0.88,-8.7,0.0,-0.9,0.46,0.75,-0.94,0.32,0.35,-1.6,-0.53,-0.88,-0.91,0.6,-3.5,-0.94,-0.25,0.82,-0.36,0.29,0.25,
0.88,-8.7,0.0,-0.9,0.46,0.75,-0.94,0.32,0.35,-1.6,-0.53,-0.88,-0.91,0.6,-3.5,-0.94,-0.25,0.82,-0.36,0.29,0.25,
0.88,-8.7,0.0,-0.9,0.46,0.75,-0.94,0.32,0.35,-1.6,-0.53,-0.88,-0.91,0.6,-3.5,-0.94,-0.25,0.82,-0.36,0.29,0.25,
0.88,-8.7,0.0,-0.9,0.46,0.75,-0.94,0.32,0.35,-1.6,-0.53,-0.88,-0.91,0.6,-3.5,-0.94,-0.25,0.82,-0.36,0.29,0.25,
0.88,-8.7,0.0,-0.9,0.46,0.75,-0.94,0.32,0.35,-1.6,-0.53,-0.88,-0.91,0.6,-3.5,-0.94,-0.25,0.82,-0.36,0.29,0.25,
0.88,-8.7,0.0,-0.9,0.46,0.75,-0.94,0.32,0.35,-1.6,-0.53,-0.88,-0.91,0.6,-3.5,-0.94,-0.25,0.82,-0.36,0.29,0.25,
0.88,-8.36,0.0,-0.9,0.46,0.75,-0.94,0.32,0.35,-1.6,-0.53,-0.88,-0.91,0.6,-3.5,-0.94,-0.25,0.82,-0.36,0.29,0.25,
0.88,-8.33,0.0,-0.9,0.46,0.75,-0.94,0.32,0.35,-1.6,-0.53,-0.88,-0.91,0.6,-3.5,-0.94,-0.25,0.82,-0.36,0.29,0.25,
0.88,-8.01,0.0,-0.9,0.46,0.75,-0.94,0.32,0.35,-1.6,-0.53,-0.88,-0.91,0.6,-3.5,-0.94,-0.25,0.82,-0.36,0.29,0.25,
0.88,-7.94,0.0,-0.9,0.46,0.75,-0.94,0.32,0.35,-1.6,-0.53,-0.88,-0.91,0.6,-3.5,-0.94,-0.25,0.82,-0.36,0.29,0.25,
0.88,-7.94,0.0,-0.9,0.46,0.75,-0.94,0.32,0.35,-1.6,-0.53,-0.88,-0.91,0.6,-3.5,-0.94,-0.25,0.82,-0.36,0.29,0.25,
0.88,-7.94,0.0,-0.9,0.46,0.75,-0.94,0.32,0.35,-1.6,-0.53,-0.88,-0.91,0.6,-3.5,-0.94,-0.25,0.82,-0.36,0.29,0.25,
0.88,-7.94,0.0,-0.9,0.46,0.75,-0.94,0.32,0.35,-1.6,-0.53,-0.88,-0.91,0.6,-3.5,-0.94,-0.25,0.82,-0.36,0.29,0.25,
0.88,-7.94,0.0,-0.9,0.46,0.75,-0.94,0.32,0.35,-1.6,-0.53,-0.88,-0.91,0.6,-3.5,-0.94,-0.25,0.82,-0.36,0.29,0.25,
0.88,-7.94,0.0,-0.9,0.46,0.75,-0.94,0.32,0.35,-1.6,-0.53,-0.88,-0.91,0.6,-3.5,-0.94,-0.25,0.82,-0.36,0.29,0.25,
0.88,-7.94,0.0,-0.9,0.46,0.75,-0.94,0.32,0.35,-1.6,-0.53,-0.88,-0.91,0.6,-3.5,-0.94,-0.25,0.82,-0.36,0.29,0.25,
0.88,-7.94,0.0,-0.9,0.46,0.75,-0.94,0.32,0.35,-1.6,-0.53,-0.88,-0.91,0.6,-3.5,-0.94,-0.25,0.82,-0.36,0.29,0.25,
0.88,-7.94,0.0,-0.9,0.46,0.75,-0.94,0.32,0.35,-1.6,-0.53,-0.88,-0.91,0.6,-3.5,-0.94,-0.25,0.82,-0.36,0.29,0.25,
0.88,-7.94,0.0,-0.9,0.46,0.75,-0.94,0.32,0.35,-1.6,-0.53,-0.88,-0.91,0.6,-3.5,-0.94,-0.25,0.82,-0.36,0.29,0.25,
0.88,-7.94,0.0,-0.9,0.46,0.75,-0.94,0.32,0.35,-1.6,-0.53,-0.88,-0.91,0.6,-3.5,-0.94,-0.25,0.82,-0.36,0.29,0.25,
0.88,-7.94,0.0,-0.9,0.46,0.75,-0.94,0.32,0.35,-1.6,-0.53,-0.88,-0.91,0.6,-3.5,-0.94,-0.25,0.82,-0.36,0.29,0.25,
0.88,-7.94,0.0,-0.9,0.46,0.75,-0.94,0.32,0.35,-1.6,-0.53,-0.88,-0.91,0.6,-3.5,-0.94,-0.25,0.82,-0.36,0.29,0.25,
0.88,-7.94,0.0,-0.9,0.46,0.75,-0.94,0.32,0.35,-1.6,-0.53,-0.88,-0.91,0.6,-3.5,-0.94,-0.25,0.82,-0.36,0.29,0.25,
0.88,-7.94,0.0,-0.9,0.46,0.75,-0.94,0.32,0.35,-1.6,-0.53,-0.88,-0.91,0.6,-3.5,-0.94,-0.25,0.82,-0.36,0.29,0.25,
0.88,-7.94,0.0,-0.9,0.46,0.75,-0.94,0.32,0.35,-1.6,-0.53,-0.88,-0.91,0.6,-3.5,-0.94,-0.25,0.82,-0.36,0.29,0.25,
0.88,-7.94,0.0,-0.9,0.46,0.75,-0.94,0.32,0.35,-1.6,-0.53,-0.88,-0.91,0.6,-3.5,-0.94,-0.25,0.82,-0.36,0.29,0.25,
0.88,-7.94,0.0,-0.9,0.46,0.75,-0.94,0.32,0.35,-1.6,-0.53,-0.88,-0.91,0.6,-3.5,-0.94,-0.25,0.82,-0.36,0.29,0.25,
0.88,-7.94,0.0,-0.9,0.46,0.75,-0.94,0.32,0.35,-1.6,-0.53,-0.88,-0.91,0.6,-3.5,-0.94,-0.25,0.82,-0.36,0.29,0.25,
0.88,-7.94,0.0,-0.9,0.46,0.75,-0.94,0.32,0.35,-1.6,-0.53,-0.88,-0.91,0.6,-3.5,-0.94,-0.25,0.82,-0.36,0.29,0.25,
0.88,-7.94,0.0,-0.9,0.46,0.75,-0.94,0.32,0.35,-1.6,-0.53,-0.88,-0.91,0.6,-3.5,-0.94,-0.25,0.82,-0.36,0.29,0.25,
0.88,-7.94,0.0,-0.9,0.46,0.75,-0.94,0.32,0.35,-1.6,-0.53,-0.88,-0.91,0.6,-3.5,-0.94,-0.25,0.82,-0.36,0.29,0.25,
0.88,-7.94,0.0,-0.9,0.46,0.75,-0.94,0.32,0.35,-1.6,-0.53,-0.88,-0.91,0.6,-3.5,-0.94,-0.25,0.82,-0.36,0.29,0.25,
0.88,-7.94,0.0,-0.9,0.46,0.75,-0.94,0.32,0.35,-1.6,-0.53,-0.88,-0.91,0.6,-3.5,-0.94,-0.25,0.82,-0.36,0.29,0.25,
0.88,-7.94,0.0,-0.9,0.46,0.75,-0.94,0.32,0.35,-1.6,-0.53,-0.88,-0.91,0.6,-3.5,-0.94,-0.25,0.82,-0.36,0.29,0.25,
0.88,-7.94,0.0,-0.9,0.46,0.75,-0.94,0.32,0.35,-1.6,-0.53,-0.88,-0.91,0.6,-3.5,-0.94,-0.25,0.82,-0.36,0.29,0.25,
0.88,-7.94,0.0,-0.9,0.46,0.75,-0.94,0.32,0.35,-1.6,-0.53,-0.88,-0.91,0.6,-3.5,-0.94,-0.25,0.82,-0.36,0.29,0.25,
0.88,-7.94,0.0,-0.9,0.46,0.75,-0.94,0.32,0.35,-1.6,-0.53,-0.88,-0.91,0.6,-3.5,-0.94,-0.25,0.82,-0.36,0.29,0.25,
0.88,-7.94,0.0,-0.9,0.46,0.75,-0.94,0.32,0.35,-1.6,-0.53,-0.88,-0.91,0.6,-3.5,-0.94,-0.25,0.82,-0.36,0.29,0.25,
0.88,-7.94,0.0,-0.9,0.46,0.75,-0.94,0.32,0.35,-1.6,-0.53,-0.88,-0.91,0.6,-3.5,-0.94,-0.25,0.82,-0.36,0.29,0.25,
0.88,-7.94,0.0,-0.9,0.46,0.75,-0.94,0.32,0.35,-1.6,-0.53,-0.88,-0.91,0.6,-3.5,-0.94,-0.25,0.82,-0.36,0.29,0.25,
0.88,-7.94,0.0,-0.9,0.46,0.75,-0.94,0.32,0.35,-1.6,-0.53,-0.88,-0.91,0.6,-3.5,-0.94,-0.25,0.82,-0.36,0.29,0.25,
0.88,-7.94,0.0,-0.9,0.46,0.75,-0.94,0.32,0.35,-1.6,-0.53,-0.88,-0.91,0.6,-3.5,-0.94,-0.25,0.82,-0.36,0.29,0.25,
0.88,-7.94,0.0,-0.9,0.46,0.75,-0.94,0.32,0.35,-1.6,-0.53,-0.88,-0.91,0.6,-3.5,-0.94,-0.25,0.82,-0.36,0.29,0.25,
0.88,-7.93,0.0,-0.9,0.46,0.75,-0.94,0.32,0.35,-1.6,-0.53,-0.88,-0.91,0.6,-3.5,-0.94,-0.25,0.82,-0.36,0.29,0.25,
0.88,-7.85,0.0,-0.9,0.46,0.75,-0.94,0.32,0.35,-1.6,-0.53,-0.88,-0.91,0.6,-3.5,-0.94,-0.25,0.82,-0.36,0.29,0.25,
0.88,-7.85,0.0,-0.9,0.46,0.75,-0.94,0.32,0.35,-1.6,-0.53,-0.88,-0.91,0.6,-3.5,-0.94,-0.25,0.82,-0.36,0.29,0.25,
0.88,-7.85,0.0,-0.9,0.46,0.75,-0.94,0.32,0.35,-1.6,-0.53,-0.88,-0.91,0.6,-3.5,-0.94,-0.25,0.82,-0.36,0.29,0.25,
0.88,-7.85,0.0,-0.9,0.46,0.75,-0.94,0.32,0.35,-1.6,-0.53,-0.88,-0.91,0.6,-3.5,-0.94,-0.25,0.82,-0.36,0.29,0.25,
0.88,-7.85,0.0,-0.9,0.46,0.75,-0.94,0.32,0.35,-1.6,-0.53,-0.88,-0.91,0.6,-3.5,-0.94,-0.25,0.82,-0.36,0.29,0.25,
0.88,-7.85,0.0,-0.9,0.46,0.75,-0.94,0.32,0.35,-1.6,-0.53,-0.88,-0.91,0.6,-3.5,-0.94,-0.25,0.82,-0.36,0.29,0.25,
0.88,-7.85,0.0,-0.9,0.46,0.75,-0.94,0.32,0.35,-1.6,-0.53,-0.88,-0.91,0.6,-3.5,-0.94,-0.25,0.82,-0.36,0.29,0.25,
0.88,-7.85,0.0,-0.9,0.46,0.75,-0.94,0.32,0.35,-1.6,-0.53,-0.88,-0.91,0.6,-3.5,-0.94,-0.25,0.82,-0.36,0.29,0.25,
0.88,-7.85,0.0,-0.9,0.46,0.75,-0.94,0.32,0.35,-1.6,-0.53,-0.88,-0.91,0.6,-3.5,-0.94,-0.25,0.82,-0.36,0.29,0.25,
0.88,-7.85,0.0,-0.9,0.46,0.75,-0.94,0.32,0.35,-1.6,-0.53,-0.88,-0.91,0.6,-3.5,-0.94,-0.25,0.82,-0.36,0.29,0.25,
0.88,-7.85,0.0,-0.9,0.46,0.75,-0.94,0.32,0.35,-1.6,-0.53,-0.88,-0.91,0.6,-3.5,-0.94,-0.25,0.82,-0.36,0.29,0.25,
0.88,-7.85,0.0,-0.9,0.46,0.75,-0.94,0.32,0.35,-1.6,-0.53,-0.88,-0.91,0.6,-3.5,-0.94,-0.25,0.82,-0.36,0.29,0.25,
0.88,-7.85,0.0,-0.9,0.46,0.75,-0.94,0.32,0.35,-1.6,-0.53,-0.88,-0.91,0.6,-3.5,-0.94,-0.25,0.82,-0.36,0.29,0.25,
0.88,-7.85,0.0,-0.9,0.46,0.75,-0.94,0.32,0.35,-1.6,-0.53,-0.88,-0.91,0.6,-3.5,-0.94,-0.25,0.82,-0.36,0.29,0.25,
0.88,-7.85,0.0,-0.9,0.46,0.75,-0.94,0.32,0.35,-1.6,-0.53,-0.88,-0.91,0.6,-3.5,-0.94,-0.25,0.82,-0.36,0.29,0.25,
0.88,-7.85,0.0,-0.9,0.46,0.75,-0.94,0.32,0.35,-1.6,-0.53,-0.88,-0.91,0.6,-3.5,-0.94,-0.25,0.82,-0.36,0.29,0.25,
0.88,-7.85,0.0,-0.9,0.46,0.75,-0.94,0.32,0.35,-1.6,-0.53,-0.88,-0.91,0.6,-3.5,-0.94,-0.25,0.82,-0.36,0.29,0.25,
0.88,-7.85,0.0,-0.9,0.46,0.75,-0.94,0.32,0.35,-1.6,-0.53,-0.88,-0.91,0.6,-3.5,-0.94,-0.25,0.82,-0.36,0.29,0.25,
0.88,-7.85,0.0,-0.9,0.46,0.75,-0.94,0.32,0.35,-1.6,-0.53,-0.88,-0.91,0.6,-3.5,-0.94,-0.25,0.82,-0.36,0.29,0.25,
0.88,-7.85,0.0,-0.9,0.46,0.75,-0.94,0.32,0.35,-1.6,-0.53,-0.88,-0.91,0.6,-3.5,-0.94,-0.25,0.82,-0.36,0.29,0.25,
0.88,-7.84,0.0,-0.9,0.46,0.75,-0.94,0.32,0.35,-1.6,-0.53,-0.88,-0.91,0.6,-3.5,-0.94,-0.25,0.82,-0.36,0.29,0.25,
0.88,-7.84,0.0,-0.9,0.46,0.75,-0.94,0.32,0.35,-1.6,-0.53,-0.88,-0.91,0.6,-3.5,-0.94,-0.25,0.82,-0.36,0.29,0.25,
0.88,-7.84,0.0,-0.9,0.46,0.75,-0.94,0.32,0.35,-1.6,-0.53,-0.88,-0.91,0.6,-3.5,-0.94,-0.25,0.82,-0.36,0.29,0.25,
0.88,-7.84,0.0,-0.9,0.46,0.75,-0.94,0.32,0.35,-1.6,-0.53,-0.88,-0.91,0.6,-3.5,-0.94,-0.25,0.82,-0.36,0.29,0.25,
0.88,-7.84,0.0,-0.9,0.46,0.75,-0.94,0.32,0.35,-1.6,-0.53,-0.88,-0.91,0.6,-3.5,-0.94,-0.25,0.82,-0.36,0.29,0.25,
0.88,-7.84,0.0,-0.9,0.46,0.75,-0.94,0.32,0.35,-1.6,-0.53,-0.88,-0.91,0.6,-3.5,-0.94,-0.25,0.82,-0.36,0.29,0.25,
0.88,-7.84,0.0,-0.9,0.46,0.75,-0.94,0.32,0.35,-1.6,-0.53,-0.88,-0.91,0.6,-3.5,-0.94,-0.25,0.82,-0.36,0.29,0.25,
0.88,-7.84,0.0,-0.9,0.46,0.75,-0.94,0.32,0.35,-1.6,-0.53,-0.88,-0.91,0.6,-3.5,-0.94,-0.25,0.82,-0.36,0.29,0.25,
0.88,-7.84,0.0,-0.9,0.46,0.75,-0.94,0.32,0.35,-1.6,-0.53,-0.88,-0.91,0.6,-3.5,-0.94,-0.25,0.82,-0.36,0.29,0.25,
0.88,-7.84,0.0,-0.9,0.46,0.75,-0.94,0.32,0.35,-1.6,-0.53,-0.88,-0.91,0.6,-3.5,-0.94,-0.25,0.82,-0.36,0.29,0.25,
0.88,-7.84,0.0,-0.9,0.46,0.75,-0.94,0.32,0.35,-1.6,-0.53,-0.88,-0.91,0.6,-3.5,-0.94,-0.25,0.82,-0.36,0.29,0.25,
0.88,-7.84,0.0,-0.9,0.46,0.75,-0.94,0.32,0.35,-1.6,-0.53,-0.88,-0.91,0.6,-3.5,-0.94,-0.25,0.82,-0.36,0.29,0.25,
0.88,-7.84,0.0,-0.9,0.46,0.75,-0.94,0.32,0.35,-1.6,-0.53,-0.88,-0.91,0.6,-3.5,-0.94,-0.25,0.82,-0.36,0.29,0.25,
0.88,-7.84,0.0,-0.9,0.46,0.75,-0.94,0.32,0.35,-1.6,-0.53,-0.88,-0.91,0.6,-3.5,-0.94,-0.25,0.82,-0.36,0.29,0.25,
0.88,-7.84,0.0,-0.9,0.46,0.75,-0.94,0.32,0.35,-1.6,-0.53,-0.88,-0.91,0.6,-3.5,-0.94,-0.25,0.82,-0.36,0.29,0.25,
0.88,-7.84,0.0,-0.9,0.46,0.75,-0.94,0.32,0.35,-1.6,-0.53,-0.88,-0.91,0.6,-3.5,-0.94,-0.25,0.82,-0.36,0.29,0.25,
0.88,-7.84,0.0,-0.9,0.46,0.75,-0.94,0.32,0.35,-1.6,-0.53,-0.88,-0.91,0.6,-3.5,-0.94,-0.25,0.82,-0.36,0.29,0.25,
0.88,-7.84,0.0,-0.9,0.46,0.75,-0.94,0.32,0.35,-1.6,-0.53,-0.88,-0.91,0.6,-3.5,-0.94,-0.25,0.82,-0.36,0.29,0.25,
0.88,-7.84,0.0,-0.9,0.46,0.75,-0.94,0.32,0.35,-1.6,-0.53,-0.88,-0.91,0.6,-3.5,-0.94,-0.25,0.82,-0.36,0.29,0.25,
0.88,-7.84,0.0,-0.9,0.46,0.75,-0.94,0.32,0.35,-1.6,-0.53,-0.88,-0.91,0.6,-3.5,-0.94,-0.25,0.82,-0.36,0.29,0.25,
0.88,-7.84,0.0,-0.9,0.46,0.75,-0.94,0.32,0.35,-1.6,-0.53,-0.88,-0.91,0.6,-3.5,-0.94,-0.25,0.82,-0.36,0.29,0.25,
0.88,-7.84,0.0,-0.9,0.46,0.75,-0.94,0.32,0.35,-1.6,-0.53,-0.88,-0.91,0.6,-3.5,-0.94,-0.25,0.82,-0.36,0.29,0.25,
0.88,-7.84,0.0,-0.9,0.46,0.75,-0.94,0.32,0.35,-1.6,-0.53,-0.88,-0.91,0.6,-3.5,-0.94,-0.25,0.82,-0.36,0.29,0.25,
0.88,-7.84,0.0,-0.9,0.46,0.75,-0.94,0.32,0.35,-1.6,-0.53,-0.88,-0.91,0.6,-3.5,-0.94,-0.25,0.82,-0.36,0.29,0.25,
0.88,-7.84,0.0,-0.9,0.46,0.75,-0.94,0.32,0.35,-1.6,-0.53,-0.88,-0.91,0.6,-3.5,-0.94,-0.25,0.82,-0.36,0.29,0.25,
0.88,-7.84,0.0,-0.9,0.46,0.75,-0.94,0.32,0.35,-1.6,-0.53,-0.88,-0.91,0.6,-3.5,-0.94,-0.25,0.82,-0.36,0.29,0.25,
0.88,-7.84,0.0,-0.9,0.46,0.75,-0.94,0.32,0.35,-1.6,-0.53,-0.88,-0.91,0.6,-3.5,-0.94,-0.25,0.82,-0.36,0.29,0.25,
0.88,-7.84,0.0,-0.9,0.46,0.75,-0.94,0.32,0.35,-1.6,-0.53,-0.88,-0.91,0.6,-3.5,-0.94,-0.25,0.82,-0.36,0.29,0.25,
0.88,-7.84,0.0,-0.9,0.46,0.75,-0.94,0.32,0.35,-1.6,-0.53,-0.88,-0.91,0.6,-3.5,-0.94,-0.25,0.82,-0.36,0.29,0.25,
0.88,-7.84,0.0,-0.9,0.46,0.75,-0.94,0.32,0.35,-1.6,-0.53,-0.88,-0.91,0.6,-3.5,-0.94,-0.25,0.82,-0.36,0.29,0.25,
0.88,-7.84,0.0,-0.9,0.46,0.75,-0.94,0.32,0.35,-1.6,-0.53,-0.88,-0.91,0.6,-3.5,-0.94,-0.25,0.82,-0.36,0.29,0.25,
0.88,-7.84,0.0,-0.9,0.46,0.75,-0.94,0.32,0.35,-1.6,-0.53,-0.88,-0.91,0.6,-3.5,-0.94,-0.25,0.82,-0.36,0.29,0.25,
0.88,-7.84,0.0,-0.9,0.46,0.75,-0.94,0.32,0.35,-1.6,-0.53,-0.88,-0.91,0.6,-3.5,-0.94,-0.25,0.82,-0.36,0.29,0.25,
0.88,-7.84,0.0,-0.9,0.46,0.75,-0.94,0.32,0.35,-1.6,-0.53,-0.88,-0.91,0.6,-3.5,-0.94,-0.25,0.82,-0.36,0.29,0.25,
0.88,-7.84,0.0,-0.9,0.46,0.75,-0.94,0.32,0.35,-1.6,-0.53,-0.88,-0.91,0.6,-3.5,-0.94,-0.25,0.82,-0.36,0.29,0.25,
0.88,-7.6,0.0,-0.9,0.46,0.75,-0.94,0.32,0.35,-1.6,-0.53,-0.88,-0.91,0.6,-3.5,-0.94,-0.25,0.82,-0.36,0.29,0.25,
0.88,-7.6,0.0,-0.9,0.46,0.75,-0.94,0.32,0.35,-1.6,-0.53,-0.88,-0.91,0.6,-3.5,-0.94,-0.25,0.82,-0.36,0.29,0.25,
0.88,-7.6,0.0,-0.9,0.46,0.75,-0.94,0.32,0.35,-1.6,-0.53,-0.88,-0.91,0.6,-3.5,-0.94,-0.25,0.82,-0.36,0.29,0.25,
0.88,-7.6,0.0,-0.9,0.46,0.75,-0.94,0.32,0.35,-1.6,-0.53,-0.88,-0.91,0.6,-3.5,-0.94,-0.25,0.82,-0.36,0.29,0.25,
0.88,-7.6,0.0,-0.9,0.46,0.75,-0.94,0.32,0.35,-1.6,-0.53,-0.88,-0.91,0.6,-3.5,-0.94,-0.25,0.82,-0.36,0.29,0.25,
0.88,-7.6,0.0,-0.9,0.46,0.75,-0.94,0.32,0.35,-1.6,-0.53,-0.88,-0.91,0.6,-3.5,-0.94,-0.25,0.82,-0.36,0.29,0.25,
0.88,-7.6,0.0,-0.9,0.46,0.75,-0.94,0.32,0.35,-1.6,-0.53,-0.88,-0.91,0.6,-3.5,-0.94,-0.25,0.82,-0.36,0.29,0.25,
0.88,-7.6,0.0,-0.9,0.46,0.75,-0.94,0.32,0.35,-1.6,-0.53,-0.88,-0.91,0.6,-3.5,-0.94,-0.25,0.82,-0.36,0.29,0.25,
0.88,-7.6,0.0,-0.9,0.46,0.75,-0.94,0.32,0.35,-1.6,-0.53,-0.88,-0.91,0.6,-3.5,-0.94,-0.25,0.82,-0.36,0.29,0.25,
0.88,-7.6,0.0,-0.9,0.46,0.75,-0.94,0.32,0.35,-1.6,-0.53,-0.88,-0.91,0.6,-3.5,-0.94,-0.25,0.82,-0.36,0.29,0.25,
0.88,-7.6,0.0,-0.9,0.46,0.75,-0.94,0.32,0.35,-1.6,-0.53,-0.88,-0.91,0.6,-3.5,-0.94,-0.25,0.82,-0.36,0.29,0.25,
0.88,-7.6,0.0,-0.9,0.46,0.75,-0.94,0.32,0.35,-1.6,-0.53,-0.88,-0.91,0.6,-3.5,-0.94,-0.25,0.82,-0.36,0.29,0.25,
0.88,-7.6,0.0,-0.9,0.46,0.75,-0.94,0.32,0.35,-1.6,-0.53,-0.88,-0.91,0.6,-3.5,-0.94,-0.25,0.82,-0.36,0.29,0.25,
0.88,-7.6,0.0,-0.9,0.46,0.75,-0.94,0.32,0.35,-1.6,-0.53,-0.88,-0.91,0.6,-3.5,-0.94,-0.25,0.82,-0.36,0.29,0.25,
0.88,-7.6,0.0,-0.9,0.46,0.75,-0.94,0.32,0.35,-1.6,-0.53,-0.88,-0.91,0.6,-3.5,-0.94,-0.25,0.82,-0.36,0.29,0.25,
0.88,-7.6,0.0,-0.9,0.46,0.75,-0.94,0.32,0.35,-1.6,-0.53,-0.88,-0.91,0.6,-3.5,-0.94,-0.25,0.82,-0.36,0.29,0.25,
0.88,-7.6,0.0,-0.9,0.46,0.75,-0.94,0.32,0.35,-1.6,-0.53,-0.88,-0.91,0.6,-3.5,-0.94,-0.25,0.82,-0.36,0.29,0.25,
0.88,-7.6,0.0,-0.9,0.46,0.75,-0.94,0.32,0.35,-1.6,-0.53,-0.88,-0.91,0.6,-3.5,-0.94,-0.25,0.82,-0.36,0.29,0.25,
0.88,-7.6,0.0,-0.9,0.46,0.75,-0.94,0.32,0.35,-1.6,-0.53,-0.88,-0.91,0.6,-3.5,-0.94,-0.25,0.82,-0.36,0.29,0.25,
0.88,-7.6,0.0,-0.9,0.46,0.75,-0.94,0.32,0.35,-1.6,-0.53,-0.88,-0.91,0.6,-3.5,-0.94,-0.25,0.82,-0.36,0.29,0.25,
0.88,-7.6,0.0,-0.9,0.46,0.75,-0.94,0.32,0.35,-1.6,-0.53,-0.88,-0.91,0.6,-3.5,-0.94,-0.25,0.82,-0.36,0.29,0.25,
0.88,-7.6,0.0,-0.9,0.46,0.75,-0.94,0.32,0.35,-1.6,-0.53,-0.88,-0.91,0.6,-3.5,-0.94,-0.25,0.82,-0.36,0.29,0.25,
0.88,-7.6,0.0,-0.9,0.46,0.75,-0.94,0.32,0.35,-1.6,-0.53,-0.88,-0.91,0.6,-3.5,-0.94,-0.25,0.82,-0.36,0.29,0.25,
0.88,-7.6,0.0,-0.9,0.46,0.75,-0.94,0.32,0.35,-1.6,-0.53,-0.88,-0.91,0.6,-3.5,-0.94,-0.25,0.82,-0.36,0.29,0.25,
0.88,-7.6,0.0,-0.9,0.46,0.75,-0.94,0.32,0.35,-1.6,-0.53,-0.88,-0.91,0.6,-3.5,-0.94,-0.25,0.82,-0.36,0.29,0.25,
0.88,-7.6,0.0,-0.9,0.46,0.75,-0.94,0.32,0.35,-1.6,-0.53,-0.88,-0.91,0.6,-3.5,-0.94,-0.25,0.82,-0.36,0.29,0.25,
0.88,-7.6,0.0,-0.9,0.46,0.75,-0.94,0.32,0.35,-1.6,-0.53,-0.88,-0.91,0.6,-3.5,-0.94,-0.25,0.82,-0.36,0.29,0.25,
0.88,-7.6,0.0,-0.9,0.46,0.75,-0.94,0.32,0.35,-1.6,-0.53,-0.88,-0.91,0.6,-3.5,-0.94,-0.25,0.82,-0.36,0.29,0.25,
0.88,-7.6,0.0,-0.9,0.46,0.75,-0.94,0.32,0.35,-1.6,-0.53,-0.88,-0.91,0.6,-3.5,-0.94,-0.25,0.82,-0.36,0.29,0.25,
0.88,-7.6,0.0,-0.9,0.46,0.75,-0.94,0.32,0.35,-1.6,-0.53,-0.88,-0.91,0.6,-3.5,-0.94,-0.25,0.82,-0.36,0.29,0.25,
0.88,-7.6,0.0,-0.9,0.46,0.75,-0.94,0.32,0.35,-1.6,-0.53,-0.88,-0.91,0.6,-3.5,-0.94,-0.25,0.82,-0.36,0.29,0.25,
0.88,-7.6,0.0,-0.9,0.46,0.75,-0.94,0.32,0.35,-1.6,-0.53,-0.88,-0.91,0.6,-3.5,-0.94,-0.25,0.82,-0.36,0.29,0.25,
0.88,-7.6,0.0,-0.9,0.46,0.75,-0.94,0.32,0.35,-1.6,-0.53,-0.88,-0.91,0.6,-3.5,-0.94,-0.25,0.82,-0.36,0.29,0.25,
0.88,-7.6,0.0,-0.9,0.46,0.75,-0.94,0.32,0.35,-1.6,-0.53,-0.88,-0.91,0.6,-3.5,-0.94,-0.25,0.82,-0.36,0.29,0.25,
0.88,-7.6,0.0,-0.9,0.46,0.75,-0.94,0.32,0.35,-1.6,-0.53,-0.88,-0.91,0.6,-3.5,-0.94,-0.25,0.82,-0.36,0.29,0.25,
0.88,-7.6,0.0,-0.9,0.46,0.75,-0.94,0.32,0.35,-1.6,-0.53,-0.88,-0.91,0.6,-3.5,-0.94,-0.25,0.82,-0.36,0.29,0.25,
0.88,-7.6,0.0,-0.9,0.46,0.75,-0.94,0.32,0.35,-1.6,-0.53,-0.88,-0.91,0.6,-3.5,-0.94,-0.25,0.82,-0.36,0.29,0.25,
0.88,-10.59,0.0,-0.9,0.46,0.75,-0.94,0.32,0.35,-1.6,-0.53,-0.88,-0.91,0.6,-3.5,-0.94,-0.25,0.82,-0.36,0.29,0.25,
0.88,-10.11,0.0,-0.9,0.46,0.75,-0.94,0.32,0.35,-1.6,-0.53,-0.88,-0.91,0.6,-3.5,-0.94,-0.25,0.82,-0.36,0.29,0.25,
