11
0.88,-9.53,0.0,-0.9,0.46,0.75,-0.94,0.32,0.35,-1.6,-0.53,-0.88,-0.91,0.6,-3.5,-0.94,-0.25,0.82,-0.36,0.29,0.25,
0.88,-9.49,0.0,-0.9,0.46,0.75,-0.94,0.32,0.35,-1.6,-0.53,-0.88,-0.91,0.6,-3.5,-0.94,-0.25,0.82,-0.36,0.29,0.25,
0.88,-9.92,0.0,-0.9,0.46,0.75,-0.94,0.32,0.35,-1.6,-0.53,-0.88,-0.91,0.6,-3.5,-0.94,-0.25,0.82,-0.36,0.29,0.25,
0.88,-9.35,0.0,-0.9,0.46,0.75,-0.94,0.32,0.35,-1.6,-0.53,-0.88,-0.91,0.6,-3.5,-0.94,-0.25,0.82,-0.36,0.29,0.25,
0.88,-10.84,0.0,-0.9,0.46,0.75,-0.94,0.32,0.35,-1.6,-0.53,-0.88,-0.91,0.6,-3.5,-0.94,-0.25,0.82,-0.36,0.29,0.25,
0.88,-9.53,0.0,-0.9,0.46,0.75,-0.94,0.32,0.35,-1.6,-0.53,-0.88,-0.91,0.6,-3.5,-0.94,-0.25,0.82,-0.36,0.29,0.25,
0.88,-9.53,0.0,-0.9,0.46,0.75,-0.94,0.32,0.35,-1.6,-0.53,-0.88,-0.91,0.6,-3.5,-0.94,-0.25,0.82,-0.36,0.29,0.25,
0.88,-9.53,0.0,-0.9,0.46,0.75,-0.94,0.32,0.35,-1.6,-0.53,-0.88,-0.91,0.6,-3.5,-0.94,-0.25,0.82,-0.36,0.29,0.25,
0.88,-9.49,0.0,-0.9,0.46,0.75,-0.94,0.32,0.35,-1.6,-0.53,-0.88,-0.91,0.6,-3.5,-0.94,-0.25,0.82,-0.36,0.29,0.25,
0.88,-9.53,0.0,-0.9,0.46,0.75,-0.94,0.32,0.35,-1.6,-0.53,-0.88,-0.91,0.6,-3.5,-0.94,-0.25,0.82,-0.36,0.29,0.25,
0.88,-9.49,0.0,-0.9,0.46,0.75,-0.94,0.32,0.35,-1.6,-0.53,-0.88,-0.91,0.6,-3.5,-0.94,-0.25,0.82,-0.36,0.29,0.25,
0.88,-9.49,0.0,-0.9,0.46,0.75,-0.94,0.32,0.35,-1.6,-0.53,-0.88,-0.91,0.6,-3.5,-0.94,-0.25,0.82,-0.36,0.29,0.25,
0.88,-9.92,0.0,-0.9,0.46,0.75,-0.94,0.32,0.35,-1.6,-0.53,-0.88,-0.91,0.6,-3.5,-0.94,-0.25,0.82,-0.36,0.29,0.25,
0.88,-9.37,0.0,-0.9,0.46,0.75,-0.94,0.32,0.35,-1.6,-0.53,-0.88,-0.91,0.6,-3.5,-0.94,-0.25,0.82,-0.36,0.29,0.25,
0.88,-9.49,0.0,-0.9,0.46,0.75,-0.94,0.32,0.35,-1.6,-0.53,-0.88,-0.91,0.6,-3.5,-0.94,-0.25,0.82,-0.36,0.29,0.25,
0.88,-9.37,0.0,-0.9,0.46,0.75,-0.94,0.32,0.35,-1.6,-0.53,-0.88,-0.91,0.6,-3.5,-0.94,-0.25,0.82,-0.36,0.29,0.25,
0.88,-9.92,0.0,-0.9,0.46,0.75,-0.94,0.32,0.35,-1.6,-0.53,-0.88,-0.91,0.6,-3.5,-0.94,-0.25,0.82,-0.36,0.29,0.25,
0.88,-9.53,0.0,-0.9,0.46,0.75,-0.94,0.32,0.35,-1.6,-0.53,-0.88,-0.91,0.6,-3.5,-0.94,-0.25,0.82,-0.36,0.29,0.25,
0.88,-10.29,0.0,-0.9,0.46,0.75,-0.94,0.32,0.35,-1.6,-0.53,-0.88,-0.91,0.6,-3.5,-0.94,-0.25,0.82,-0.36,0.29,0.25,
0.88,-9.35,0.0,-0.9,0.46,0.75,-0.94,0.32,0.35,-1.6,-0.53,-0.88,-0.91,0.6,-3.5,-0.94,-0.25,0.82,-0.36,0.29,0.25,
0.88,-9.92,0.0,-0.9,0.46,0.75,-0.94,0.32,0.35,-1.6,-0.53,-0.88,-0.91,0.6,-3.5,-0.94,-0.25,0.82,-0.36,0.29,0.25,
0.88,-9.92,0.0,-0.9,0.46,0.75,-0.94,0.32,0.35,-1.6,-0.53,-0.88,-0.91,0.6,-3.5,-0.94,-0.25,0.82,-0.36,0.29,0.25,
0.88,-9.37,0.0,-0.9,0.46,0.75,-0.94,0.32,0.35,-1.6,-0.53,-0.88,-0.91,0.6,-3.5,-0.94,-0.25,0.82,-0.36,0.29,0.25,
0.88,-9.92,0.0,-0.9,0.46,0.75,-0.94,0.32,0.35,-1.6,-0.53,-0.88,-0.91,0.6,-3.5,-0.94,-0.25,0.82,-0.36,0.29,0.25,
0.88,-9.92,0.0,-0.9,0.46,0.75,-0.94,0.32,0.35,-1.6,-0.53,-0.88,-0.91,0.6,-3.5,-0.94,-0.25,0.82,-0.36,0.29,0.25,
0.88,-9.49,0.0,-0.9,0.46,0.75,-0.94,0.32,0.35,-1.6,-0.53,-0.88,-0.91,0.6,-3.5,-0.94,-0.25,0.82,-0.36,0.29,0.25,
0.88,-9.53,0.0,-0.9,0.46,0.75,-0.94,0.32,0.35,-1.6,-0.53,-0.88,-0.91,0.6,-3.5,-0.94,-0.25,0.82,-0.36,0.29,0.25,
0.88,-9.53,0.0,-0.9,0.46,0.75,-0.94,0.32,0.35,-1.6,-0.53,-0.88,-0.91,0.6,-3.5,-0.94,-0.25,0.82,-0.36,0.29,0.25,
0.88,-9.49,0.0,-0.9,0.46,0.75,-0.94,0.32,0.35,-1.6,-0.53,-0.88,-0.91,0.6,-3.5,-0.94,-0.25,0.82,-0.36,0.29,0.25,
0.88,-9.53,0.0,-0.9,0.46,0.75,-0.94,0.32,0.35,-1.6,-0.53,-0.88,-0.91,0.6,-3.5,-0.94,-0.25,0.82,-0.36,0.29,0.25,
0.88,-11.19,0.0,-0.9,0.46,0.75,-0.94,0.32,0.35,-1.6,-0.53,-0.88,-0.91,0.6,-3.5,-0.94,-0.25,0.82,-0.36,0.29,0.25,
0.88,-9.35,0.0,-0.9,0.46,0.75,-0.94,0.32,0.35,-1.6,-0.53,-0.88,-0.91,0.6,-3.5,-0.94,-0.25,0.82,-0.36,0.29,0.25,
0.88,-9.37,0.0,-0.9,0.46,0.75,-0.94,0.32,0.35,-1.6,-0.53,-0.88,-0.91,0.6,-3.5,-0.94,-0.25,0.82,-0.36,0.29,0.25,
0.88,-9.53,0.0,-0.9,0.46,0.75,-0.94,0.32,0.35,-1.6,-0.53,-0.88,-0.91,0.6,-3.5,-0.94,-0.25,0.82,-0.36,0.29,0.25,
0.88,-9.37,0.0,-0.9,0.46,0.75,-0.94,0.32,0.35,-1.6,-0.53,-0.88,-0.91,0.6,-3.5,-0.94,-0.25,0.82,-0.36,0.29,0.25,
0.88,-10.66,0.0,-0.9,0.46,0.75,-0.94,0.32,0.35,-1.6,-0.53,-0.88,-0.91,0.6,-3.5,-0.94,-0.25,0.82,-0.36,0.29,0.25,
0.88,-9.35,0.0,-0.9,0.46,0.75,-0.94,0.32,0.35,-1.6,-0.53,-0.88,-0.91,0.6,-3.5,-0.94,-0.25,0.82,-0.36,0.29,0.25,
0.88,-9.53,0.0,-0.9,0.46,0.75,-0.94,0.32,0.35,-1.6,-0.53,-0.88,-0.91,0.6,-3.5,-0.94,-0.25,0.82,-0.36,0.29,0.25,
0.88,-9.35,0.0,-0.9,0.46,0.75,-0.94,0.32,0.35,-1.6,-0.53,-0.88,-0.91,0.6,-3.5,-0.94,-0.25,0.82,-0.36,0.29,0.25,
0.88,-9.99,0.0,-0.9,0.46,0.75,-0.94,0.32,0.35,-1.6,-0.53,-0.88,-0.91,0.6,-3.5,-0.94,-0.25,0.82,-0.36,0.29,0.25,
0.88,-9.53,0.0,-0.9,0.46,0.75,-0.94,0.32,0.35,-1.6,-0.53,-0.88,-0.91,0.6,-3.5,-0.94,-0.25,0.82,-0.36,0.29,0.25,
0.88,-9.49,0.0,-0.9,0.46,0.75,-0.94,0.32,0.35,-1.6,-0.53,-0.88,-0.91,0.6,-3.5,-0.94,-0.25,0.82,-0.36,0.29,0.25,
0.88,-9.95,0.0,-0.9,0.46,0.75,-0.94,0.32,0.35,-1.6,-0.53,-0.88,-0.91,0.6,-3.5,-0.94,-0.25,0.82,-0.36,0.29,0.25,
0.88,-9.92,0.0,-0.9,0.46,0.75,-0.94,0.32,0.35,-1.6,-0.53,-0.88,-0.91,0.6,-3.5,-0.94,-0.25,0.82,-0.36,0.29,0.25,
0.88,-10.21,0.0,-0.9,0.46,0.75,-0.94,0.32,0.35,-1.6,-0.53,-0.88,-0.91,0.6,-3.5,-0.94,-0.25,0.82,-0.36,0.29,0.25,
0.88,-9.49,0.0,-0.9,0.46,0.75,-0.94,0.32,0.35,-1.6,-0.53,-0.88,-0.91,0.6,-3.5,-0.94,-0.25,0.82,-0.36,0.29,0.25,
0.88,-9.37,0.0,-0.9,0.46,0.75,-0.94,0.32,0.35,-1.6,-0.53,-0.88,-0.91,0.6,-3.5,-0.94,-0.25,0.82,-0.36,0.29,0.25,
0.88,-9.53,0.0,-0.9,0.46,0.75,-0.94,0.32,0.35,-1.6,-0.53,-0.88,-0.91,0.6,-3.5,-0.94,-0.25,0.82,-0.36,0.29,0.25,
0.88,-9.92,0.0,-0.9,0.46,0.75,-0.94,0.32,0.35,-1.6,-0.53,-0.88,-0.91,0.6,-3.5,-0.94,-0.25,0.82,-0.36,0.29,0.25,
0.88,-9.49,0.0,-0.9,0.46,0.75,-0.94,0.32,0.35,-1.6,-0.53,-0.88,-0.91,0.6,-3.5,-0.94,-0.25,0.82,-0.36,0.29,0.25,
0.88,-9.49,0.0,-0.9,0.46,0.75,-0.94,0.32,0.35,-1.6,-0.53,-0.88,-0.91,0.6,-3.5,-0.94,-0.25,0.82,-0.36,0.29,0.25,
0.88,-9.35,0.0,-0.9,0.46,0.75,-0.94,0.32,0.35,-1.6,-0.53,-0.88,-0.91,0.6,-3.5,-0.94,-0.25,0.82,-0.36,0.29,0.25,
0.88,-9.92,0.0,-0.9,0.46,0.75,-0.94,0.32,0.35,-1.6,-0.53,-0.88,-0.91,0.6,-3.5,-0.94,-0.25,0.82,-0.36,0.29,0.25,
0.88,-9.84,0.0,-0.9,0.46,0.75,-0.94,0.32,0.35,-1.6,-0.53,-0.88,-0.91,0.6,-3.5,-0.94,-0.25,0.82,-0.36,0.29,0.25,
0.88,-9.49,0.0,-0.9,0.46,0.75,-0.94,0.32,0.35,-1.6,-0.53,-0.88,-0.91,0.6,-3.5,-0.94,-0.25,0.82,-0.36,0.29,0.25,
0.88,-9.37,0.0,-0.9,0.46,0.75,-0.94,0.32,0.35,-1.6,-0.53,-0.88,-0.91,0.6,-3.5,-0.94,-0.25,0.82,-0.36,0.29,0.25,
0.88,-9.92,0.0,-0.9,0.46,0.75,-0.94,0.32,0.35,-1.6,-0.53,-0.88,-0.91,0.6,-3.5,-0.94,-0.25,0.82,-0.36,0.29,0.25,
0.88,-9.53,0.0,-0.9,0.46,0.75,-0.94,0.32,0.35,-1.6,-0.53,-0.88,-0.91,0.6,-3.5,-0.94,-0.25,0.82,-0.36,0.29,0.25,
0.88,-9.35,0.0,-0.9,0.46,0.75,-0.94,0.32,0.35,-1.6,-0.53,-0.88,-0.91,0.6,-3.5,-0.94,-0.25,0.82,-0.36,0.29,0.25,
0.88,-9.37,0.0,-0.9,0.46,0.75,-0.94,0.32,0.35,-1.6,-0.53,-0.88,-0.91,0.6,-3.5,-0.94,-0.25,0.82,-0.36,0.29,0.25,
0.88,-9.53,0.0,-0.9,0.46,0.75,-0.94,0.32,0.35,-1.6,-0.53,-0.88,-0.91,0.6,-3.5,-0.94,-0.25,0.82,-0.36,0.29,0.25,
0.88,-9.92,0.0,-0.9,0.46,0.75,-0.94,0.32,0.35,-1.6,-0.53,-0.88,-0.91,0.6,-3.5,-0.94,-0.25,0.82,-0.36,0.29,0.25,
0.88,-9.37,0.0,-0.9,0.46,0.75,-0.94,0.32,0.35,-1.6,-0.53,-0.88,-0.91,0.6,-3.5,-0.94,-0.25,0.82,-0.36,0.29,0.25,
0.88,-9.35,0.0,-0.9,0.46,0.75,-0.94,0.32,0.35,-1.6,-0.53,-0.88,-0.91,0.6,-3.5,-0.94,-0.25,0.82,-0.36,0.29,0.25,
0.88,-9.92,0.0,-0.9,0.46,0.75,-0.94,0.32,0.35,-1.6,-0.53,-0.88,-0.91,0.6,-3.5,-0.94,-0.25,0.82,-0.36,0.29,0.25,
0.88,-9.49,0.0,-0.9,0.46,0.75,-0.94,0.32,0.35,-1.6,-0.53,-0.88,-0.91,0.6,-3.5,-0.94,-0.25,0.82,-0.36,0.29,0.25,
0.88,-9.37,0.0,-0.9,0.46,0.75,-0.94,0.32,0.35,-1.6,-0.53,-0.88,-0.91,0.6,-3.5,-0.94,-0.25,0.82,-0.36,0.29,0.25,
0.88,-9.53,0.0,-0.9,0.46,0.75,-0.94,0.32,0.35,-1.6,-0.53,-0.88,-0.91,0.6,-3.5,-0.94,-0.25,0.82,-0.36,0.29,0.25,
0.88,-9.49,0.0,-0.9,0.46,0.75,-0.94,0.32,0.35,-1.6,-0.53,-0.88,-0.91,0.6,-3.5,-0.94,-0.25,0.82,-0.36,0.29,0.25,
0.88,-9.53,0.0,-0.9,0.46,0.75,-0.94,0.32,0.35,-1.6,-0.53,-0.88,-0.91,0.6,-3.5,-0.94,-0.25,0.82,-0.36,0.29,0.25,
0.88,-9.37,0.0,-0.9,0.46,0.75,-0.94,0.32,0.35,-1.6,-0.53,-0.88,-0.91,0.6,-3.5,-0.94,-0.25,0.82,-0.36,0.29,0.25,
0.88,-10.06,0.0,-0.9,0.46,0.75,-0.94,0.32,0.35,-1.6,-0.53,-0.88,-0.91,0.6,-3.5,-0.94,-0.25,0.82,-0.36,0.29,0.25,
0.88,-9.37,0.0,-0.9,0.46,0.75,-0.94,0.32,0.35,-1.6,-0.53,-0.88,-0.91,0.6,-3.5,-0.94,-0.25,0.82,-0.36,0.29,0.25,
0.88,-9.37,0.0,-0.9,0.46,0.75,-0.94,0.32,0.35,-1.6,-0.53,-0.88,-0.91,0.6,-3.5,-0.94,-0.25,0.82,-0.36,0.29,0.25,
0.88,-9.37,0.0,-0.9,0.46,0.75,-0.94,0.32,0.35,-1.6,-0.53,-0.88,-0.91,0.6,-3.5,-0.94,-0.25,0.82,-0.36,0.29,0.25,
0.88,-9.35,0.0,-0.9,0.46,0.75,-0.94,0.32,0.35,-1.6,-0.53,-0.88,-0.91,0.6,-3.5,-0.94,-0.25,0.82,-0.36,0.29,0.25,
0.88,-11.89,0.0,-0.9,0.46,0.75,-0.94,0.32,0.35,-1.6,-0.53,-0.88,-0.91,0.6,-3.5,-0.94,-0.25,0.82,-0.36,0.29,0.25,
0.88,-9.35,0.0,-0.9,0.46,0.75,-0.94,0.32,0.35,-1.6,-0.53,-0.88,-0.91,0.6,-3.5,-0.94,-0.25,0.82,-0.36,0.29,0.25,
0.88,-9.35,0.0,-0.9,0.46,0.75,-0.94,0.32,0.35,-1.6,-0.53,-0.88,-0.91,0.6,-3.5,-0.94,-0.25,0.82,-0.36,0.29,0.25,
0.88,-9.37,0.0,-0.9,0.46,0.75,-0.94,0.32,0.35,-1.6,-0.53,-0.88,-0.91,0.6,-3.5,-0.94,-0.25,0.82,-0.36,0.29,0.25,
0.88,-9.92,0.0,-0.9,0.46,0.75,-0.94,0.32,0.35,-1.6,-0.53,-0.88,-0.91,0.6,-3.5,-0.94,-0.25,0.82,-0.36,0.29,0.25,
0.88,-9.49,0.0,-0.9,0.46,0.75,-0.94,0.32,0.35,-1.6,-0.53,-0.88,-0.91,0.6,-3.5,-0.94,-0.25,0.82,-0.36,0.29,0.25,
0.88,-9.37,0.0,-0.9,0.46,0.75,-0.94,0.32,0.35,-1.6,-0.53,-0.88,-0.91,0.6,-3.5,-0.94,-0.25,0.82,-0.36,0.29,0.25,
0.88,-9.35,0.0,-0.9,0.46,0.75,-0.94,0.32,0.35,-1.6,-0.53,-0.88,-0.91,0.6,-3.5,-0.94,-0.25,0.82,-0.36,0.29,0.25,
0.88,-9.92,0.0,-0.9,0.46,0.75,-0.94,0.32,0.35,-1.6,-0.53,-0.88,-0.91,0.6,-3.5,-0.94,-0.25,0.82,-0.36,0.29,0.25,
0.88,-9.53,0.0,-0.9,0.46,0.75,-0.94,0.32,0.35,-1.6,-0.53,-0.88,-0.91,0.6,-3.5,-0.94,-0.25,0.82,-0.36,0.29,0.25,
0.88,-9.53,0.0,-0.9,0.46,0.75,-0.94,0.32,0.35,-1.6,-0.53,-0.88,-0.91,0.6,-3.5,-0.94,-0.25,0.82,-0.36,0.29,0.25,
0.88,-9.35,0.0,-0.9,0.46,0.75,-0.94,0.32,0.35,-1.6,-0.53,-0.88,-0.91,0.6,-3.5,-0.94,-0.25,0.82,-0.36,0.29,0.25,
0.88,-9.57,0.0,-0.9,0.46,0.75,-0.94,0.32,0.35,-1.6,-0.53,-0.88,-0.91,0.6,-3.5,-0.94,-0.25,0.82,-0.36,0.29,0.25,
0.88,-9.53,0.0,-0.9,0.46,0.75,-0.94,0.32,0.35,-1.6,-0.53,-0.88,-0.91,0.6,-3.5,-0.94,-0.25,0.82,-0.36,0.29,0.25,
0.88,-9.49,0.0,-0.9,0.46,0.75,-0.94,0.32,0.35,-1.6,-0.53,-0.88,-0.91,0.6,-3.5,-0.94,-0.25,0.82,-0.36,0.29,0.25,
0.88,-9.35,0.0,-0.9,0.46,0.75,-0.94,0.32,0.35,-1.6,-0.53,-0.88,-0.91,0.6,-3.5,-0.94,-0.25,0.82,-0.36,0.29,0.25,
0.88,-9.37,0.0,-0.9,0.46,0.75,-0.94,0.32,0.35,-1.6,-0.53,-0.88,-0.91,0.6,-3.5,-0.94,-0.25,0.82,-0.36,0.29,0.25,
0.88,-9.37,0.0,-0.9,0.46,0.75,-0.94,0.32,0.35,-1.6,-0.53,-0.88,-0.91,0.6,-3.5,-0.94,-0.25,0.82,-0.36,0.29,0.25,
0.88,-11.48,0.0,-0.9,0.46,0.75,-0.94,0.32,0.35,-1.6,-0.53,-0.88,-0.91,0.6,-3.5,-0.94,-0.25,0.82,-0.36,0.29,0.25,
0.88,-9.37,0.0,-0.9,0.46,0.75,-0.94,0.32,0.35,-1.6,-0.53,-0.88,-0.91,0.6,-3.5,-0.94,-0.25,0.82,-0.36,0.29,0.25,
0.88,-9.35,0.0,-0.9,0.46,0.75,-0.94,0.32,0.35,-1.6,-0.53,-0.88,-0.91,0.6,-3.5,-0.94,-0.25,0.82,-0.36,0.29,0.25,
0.88,-9.53,0.0,-0.9,0.46,0.75,-0.94,0.32,0.35,-1.6,-0.53,-0.88,-0.91,0.6,-3.5,-0.94,-0.25,0.82,-0.36,0.29,0.25,
0.88,-9.49,0.0,-0.9,0.46,0.75,-0.94,0.32,0.35,-1.6,-0.53,-0.88,-0.91,0.6,-3.5,-0.94,-0.25,0.82,-0.36,0.29,0.25,
0.88,-9.49,0.0,-0.9,0.46,0.75,-0.94,0.32,0.35,-1.6,-0.53,-0.88,-0.91,0.6,-3.5,-0.94,-0.25,0.82,-0.36,0.29,0.25,
0.88,-9.92,0.0,-0.9,0.46,0.75,-0.94,0.32,0.35,-1.6,-0.53,-0.88,-0.91,0.6,-3.5,-0.94,-0.25,0.82,-0.36,0.29,0.25,
0.88,-9.49,0.0,-0.9,0.46,0.75,-0.94,0.32,0.35,-1.6,-0.53,-0.88,-0.91,0.6,-3.5,-0.94,-0.25,0.82,-0.36,0.29,0.25,
0.88,-11.03,0.0,-0.9,0.46,0.75,-0.94,0.32,0.35,-1.6,-0.53,-0.88,-0.91,0.6,-3.5,-0.94,-0.25,0.82,-0.36,0.29,0.25,
0.88,-9.92,0.0,-0.9,0.46,0.75,-0.94,0.32,0.35,-1.6,-0.53,-0.88,-0.91,0.6,-3.5,-0.94,-0.25,0.82,-0.36,0.29,0.25,
0.88,-9.53,0.0,-0.9,0.46,0.75,-0.94,0.32,0.35,-1.6,-0.53,-0.88,-0.91,0.6,-3.5,-0.94,-0.25,0.82,-0.36,0.29,0.25,
0.88,-9.49,0.0,-0.9,0.46,0.75,-0.94,0.32,0.35,-1.6,-0.53,-0.88,-0.91,0.6,-3.5,-0.94,-0.25,0.82,-0.36,0.29,0.25,
0.88,-9.53,0.0,-0.9,0.46,0.75,-0.94,0.32,0.35,-1.6,-0.53,-0.88,-0.91,0.6,-3.5,-0.94,-0.25,0.82,-0.36,0.29,0.25,
0.88,-9.9,0.0,-0.9,0.46,0.75,-0.94,0.32,0.35,-1.6,-0.53,-0.88,-0.91,0.6,-3.5,-0.94,-0.25,0.82,-0.36,0.29,0.25,
0.88,-9.92,0.0,-0.9,0.46,0.75,-0.94,0.32,0.35,-1.6,-0.53,-0.88,-0.91,0.6,-3.5,-0.94,-0.25,0.82,-0.36,0.29,0.25,
0.88,-9.49,0.0,-0.9,0.46,0.75,-0.94,0.32,0.35,-1.6,-0.53,-0.88,-0.91,0.6,-3.5,-0.94,-0.25,0.82,-0.36,0.29,0.25,
0.88,-9.37,0.0,-0.9,0.46,0.75,-0.94,0.32,0.35,-1.6,-0.53,-0.88,-0.91,0.6,-3.5,-0.94,-0.25,0.82,-0.36,0.29,0.25,
0.88,-9.49,0.0,-0.9,0.46,0.75,-0.94,0.32,0.35,-1.6,-0.53,-0.88,-0.91,0.6,-3.5,-0.94,-0.25,0.82,-0.36,0.29,0.25,
0.88,-9.37,0.0,-0.9,0.46,0.75,-0.94,0.32,0.35,-1.6,-0.53,-0.88,-0.91,0.6,-3.5,-0.94,-0.25,0.82,-0.36,0.29,0.25,
0.88,-11.27,0.0,-0.9,0.46,0.75,-0.94,0.32,0.35,-1.6,-0.53,-0.88,-0.91,0.6,-3.5,-0.94,-0.25,0.82,-0.36,0.29,0.25,
0.88,-9.49,0.0,-0.9,0.46,0.75,-0.94,0.32,0.35,-1.6,-0.53,-0.88,-0.91,0.6,-3.5,-0.94,-0.25,0.82,-0.36,0.29,0.25,
0.88,-9.37,0.0,-0.9,0.46,0.75,-0.94,0.32,0.35,-1.6,-0.53,-0.88,-0.91,0.6,-3.5,-0.94,-0.25,0.82,-0.36,0.29,0.25,
0.88,-9.35,0.0,-0.9,0.46,0.75,-0.94,0.32,0.35,-1.6,-0.53,-0.88,-0.91,0.6,-3.5,-0.94,-0.25,0.82,-0.36,0.29,0.25,
0.88,-9.35,0.0,-0.9,0.46,0.75,-0.94,0.32,0.35,-1.6,-0.53,-0.88,-0.91,0.6,-3.5,-0.94,-0.25,0.82,-0.36,0.29,0.25,
0.88,-9.49,0.0,-0.9,0.46,0.75,-0.94,0.32,0.35,-1.6,-0.53,-0.88,-0.91,0.6,-3.5,-0.94,-0.25,0.82,-0.36,0.29,0.25,
0.88,-9.35,0.0,-0.9,0.46,0.75,-0.94,0.32,0.35,-1.6,-0.53,-0.88,-0.91,0.6,-3.5,-0.94,-0.25,0.82,-0.36,0.29,0.25,
0.88,-9.92,0.0,-0.9,0.46,0.75,-0.94,0.32,0.35,-1.6,-0.53,-0.88,-0.91,0.6,-3.5,-0.94,-0.25,0.82,-0.36,0.29,0.25,
0.88,-9.92,0.0,-0.9,0.46,0.75,-0.94,0.32,0.35,-1.6,-0.53,-0.88,-0.91,0.6,-3.5,-0.94,-0.25,0.82,-0.36,0.29,0.25,
0.88,-9.37,0.0,-0.9,0.46,0.75,-0.94,0.32,0.35,-1.6,-0.53,-0.88,-0.91,0.6,-3.5,-0.94,-0.25,0.82,-0.36,0.29,0.25,
0.88,-9.92,0.0,-0.9,0.46,0.75,-0.94,0.32,0.35,-1.6,-0.53,-0.88,-0.91,0.6,-3.5,-0.94,-0.25,0.82,-0.36,0.29,0.25,
0.88,-9.53,0.0,-0.9,0.46,0.75,-0.94,0.32,0.35,-1.6,-0.53,-0.88,-0.91,0.6,-3.5,-0.94,-0.25,0.82,-0.36,0.29,0.25,
0.88,-10.03,0.0,-0.9,0.46,0.75,-0.94,0.32,0.35,-1.6,-0.53,-0.88,-0.91,0.6,-3.5,-0.94,-0.25,0.82,-0.36,0.29,0.25,
0.88,-9.37,0.0,-0.9,0.46,0.75,-0.94,0.32,0.35,-1.6,-0.53,-0.88,-0.91,0.6,-3.5,-0.94,-0.25,0.82,-0.36,0.29,0.25,
0.88,-9.53,0.0,-0.9,0.46,0.75,-0.94,0.32,0.35,-1.6,-0.53,-0.88,-0.91,0.6,-3.5,-0.94,-0.25,0.82,-0.36,0.29,0.25,
0.88,-9.49,0.0,-0.9,0.46,0.75,-0.94,0.32,0.35,-1.6,-0.53,-0.88,-0.91,0.6,-3.5,-0.94,-0.25,0.82,-0.36,0.29,0.25,
0.88,-9.53,0.0,-0.9,0.46,0.75,-0.94,0.32,0.35,-1.6,-0.53,-0.88,-0.91,0.6,-3.5,-0.94,-0.25,0.82,-0.36,0.29,0.25,
0.88,-9.49,0.0,-0.9,0.46,0.75,-0.94,0.32,0.35,-1.6,-0.53,-0.88,-0.91,0.6,-3.5,-0.94,-0.25,0.82,-0.36,0.29,0.25,
0.88,-9.35,0.0,-0.9,0.46,0.75,-0.94,0.32,0.35,-1.6,-0.53,-0.88,-0.91,0.6,-3.5,-0.94,-0.25,0.82,-0.36,0.29,0.25,
0.88,-9.92,0.0,-0.9,0.46,0.75,-0.94,0.32,0.35,-1.6,-0.53,-0.88,-0.91,0.6,-3.5,-0.94,-0.25,0.82,-0.36,0.29,0.25,
0.88,-9.37,0.0,-0.9,0.46,0.75,-0.94,0.32,0.35,-1.6,-0.53,-0.88,-0.91,0.6,-3.5,-0.94,-0.25,0.82,-0.36,0.29,0.25,
0.88,-9.49,0.0,-0.9,0.46,0.75,-0.94,0.32,0.35,-1.6,-0.53,-0.88,-0.91,0.6,-3.5,-0.94,-0.25,0.82,-0.36,0.29,0.25,
0.88,-9.37,0.0,-0.9,0.46,0.75,-0.94,0.32,0.35,-1.6,-0.53,-0.88,-0.91,0.6,-3.5,-0.94,-0.25,0.82,-0.36,0.29,0.25,
0.88,-9.92,0.0,-0.9,0.46,0.75,-0.94,0.32,0.35,-1.6,-0.53,-0.88,-0.91,0.6,-3.5,-0.94,-0.25,0.82,-0.36,0.29,0.25,
0.88,-9.35,0.0,-0.9,0.46,0.75,-0.94,0.32,0.35,-1.6,-0.53,-0.88,-0.91,0.6,-3.5,-0.94,-0.25,0.82,-0.36,0.29,0.25,
0.88,-9.35,0.0,-0.9,0.46,0.75,-0.94,0.32,0.35,-1.6,-0.53,-0.88,-0.91,0.6,-3.5,-0.94,-0.25,0.82,-0.36,0.29,0.25,
0.88,-9.37,0.0,-0.9,0.46,0.75,-0.94,0.32,0.35,-1.6,-0.53,-0.88,-0.91,0.6,-3.5,-0.94,-0.25,0.82,-0.36,0.29,0.25,
0.88,-9.92,0.0,-0.9,0.46,0.75,-0.94,0.32,0.35,-1.6,-0.53,-0.88,-0.91,0.6,-3.5,-0.94,-0.25,0.82,-0.36,0.29,0.25,
0.88,-9.92,0.0,-0.9,0.46,0.75,-0.94,0.32,0.35,-1.6,-0.53,-0.88,-0.91,0.6,-3.5,-0.94,-0.25,0.82,-0.36,0.29,0.25,
0.88,-9.92,0.0,-0.9,0.46,0.75,-0.94,0.32,0.35,-1.6,-0.53,-0.88,-0.91,0.6,-3.5,-0.94,-0.25,0.82,-0.36,0.29,0.25,
0.88,-10.47,0.0,-0.9,0.46,0.75,-0.94,0.32,0.35,-1.6,-0.53,-0.88,-0.91,0.6,-3.5,-0.94,-0.25,0.82,-0.36,0.29,0.25,
0.88,-9.92,0.0,-0.9,0.46,0.75,-0.94,0.32,0.35,-1.6,-0.53,-0.88,-0.91,0.6,-3.5,-0.94,-0.25,0.82,-0.36,0.29,0.25,
0.88,-9.53,0.0,-0.9,0.46,0.75,-0.94,0.32,0.35,-1.6,-0.53,-0.88,-0.91,0.6,-3.5,-0.94,-0.25,0.82,-0.36,0.29,0.25,
0.88,-9.53,0.0,-0.9,0.46,0.75,-0.94,0.32,0.35,-1.6,-0.53,-0.88,-0.91,0.6,-3.5,-0.94,-0.25,0.82,-0.36,0.29,0.25,
0.88,-9.35,0.0,-0.9,0.46,0.75,-0.94,0.32,0.35,-1.6,-0.53,-0.88,-0.91,0.6,-3.5,-0.94,-0.25,0.82,-0.36,0.29,0.25,
0.88,-9.49,0.0,-0.9,0.46,0.75,-0.94,0.32,0.35,-1.6,-0.53,-0.88,-0.91,0.6,-3.5,-0.94,-0.25,0.82,-0.36,0.29,0.25,
0.88,-9.49,0.0,-0.9,0.46,0.75,-0.94,0.32,0.35,-1.6,-0.53,-0.88,-0.91,0.6,-3.5,-0.94,-0.25,0.82,-0.36,0.29,0.25,
0.88,-9.49,0.0,-0.9,0.46,0.75,-0.94,0.32,0.35,-1.6,-0.53,-0.88,-0.91,0.6,-3.5,-0.94,-0.25,0.82,-0.36,0.29,0.25,
0.88,-9.35,0.0,-0.9,0.46,0.75,-0.94,0.32,0.35,-1.6,-0.53,-0.88,-0.91,0.6,-3.5,-0.94,-0.25,0.82,-0.36,0.29,0.25,
0.88,-9.37,0.0,-0.9,0.46,0.75,-0.94,0.32,0.35,-1.6,-0.53,-0.88,-0.91,0.6,-3.5,-0.94,-0.25,0.82,-0.36,0.29,0.25,
0.88,-9.37,0.0,-0.9,0.46,0.75,-0.94,0.32,0.35,-1.6,-0.53,-0.88,-0.91,0.6,-3.5,-0.94,-0.25,0.82,-0.36,0.29,0.25,
0.88,-9.49,0.0,-0.9,0.46,0.75,-0.94,0.32,0.35,-1.6,-0.53,-0.88,-0.91,0.6,-3.5,-0.94,-0.25,0.82,-0.36,0.29,0.25,
0.88,-9.37,0.0,-0.9,0.46,0.75,-0.94,0.32,0.35,-1.6,-0.53,-0.88,-0.91,0.6,-3.5,-0.94,-0.25,0.82,-0.36,0.29,0.25,
0.88,-11.62,0.0,-0.9,0.46,0.75,-0.94,0.32,0.35,-1.6,-0.53,-0.88,-0.91,0.6,-3.5,-0.94,-0.25,0.82,-0.36,0.29,0.25,
0.88,-9.53,0.0,-0.9,0.46,0.75,-0.94,0.32,0.35,-1.6,-0.53,-0.88,-0.91,0.6,-3.5,-0.94,-0.25,0.82,-0.36,0.29,0.25,
0.88,-9.49,0.0,-0.9,0.46,0.75,-0.94,0.32,0.35,-1.6,-0.53,-0.88,-0.91,0.6,-3.5,-0.94,-0.25,0.82,-0.36,0.29,0.25,
0.88,-9.37,0.0,-0.9,0.46,0.75,-0.94,0.32,0.35,-1.6,-0.53,-0.88,-0.91,0.6,-3.5,-0.94,-0.25,0.82,-0.36,0.29,0.25,
0.88,-11.18,0.0,-0.9,0.46,0.75,-0.94,0.32,0.35,-1.6,-0.53,-0.88,-0.91,0.6,-3.5,-0.94,-0.25,0.82,-0.36,0.29,0.25,
0.88,-9.49,0.0,-0.9,0.46,0.75,-0.94,0.32,0.35,-1.6,-0.53,-0.88,-0.91,0.6,-3.5,-0.94,-0.25,0.82,-0.36,0.29,0.25,
0.88,-10.86,0.0,-0.9,0.46,0.75,-0.94,0.32,0.35,-1.6,-0.53,-0.88,-0.91,0.6,-3.5,-0.94,-0.25,0.82,-0.36,0.29,0.25,
0.88,-9.92,0.0,-0.9,0.46,0.75,-0.94,0.32,0.35,-1.6,-0.53,-0.88,-0.91,0.6,-3.5,-0.94,-0.25,0.82,-0.36,0.29,0.25,
0.88,-9.92,0.0,-0.9,0.46,0.75,-0.94,0.32,0.35,-1.6,-0.53,-0.88,-0.91,0.6,-3.5,-0.94,-0.25,0.82,-0.36,0.29,0.25,
0.88,-10.65,0.0,-0.9,0.46,0.75,-0.94,0.32,0.35,-1.6,-0.53,-0.88,-0.91,0.6,-3.5,-0.94,-0.25,0.82,-0.36,0.29,0.25,
0.88,-9.53,0.0,-0.9,0.46,0.75,-0.94,0.32,0.35,-1.6,-0.53,-0.88,-0.91,0.6,-3.5,-0.94,-0.25,0.82,-0.36,0.29,0.25,
0.88,-9.53,0.0,-0.9,0.46,0.75,-0.94,0.32,0.35,-1.6,-0.53,-0.88,-0.91,0.6,-3.5,-0.94,-0.25,0.82,-0.36,0.29,0.25,
0.88,-9.49,0.0,-0.9,0.46,0.75,-0.94,0.32,0.35,-1.6,-0.53,-0.88,-0.91,0.6,-3.5,-0.94,-0.25,0.82,-0.36,0.29,0.25,
0.88,-10.11,0.0,-0.9,0.46,0.75,-0.94,0.32,0.35,-1.6,-0.53,-0.88,-0.91,0.6,-3.5,-0.94,-0.25,0.82,-0.36,0.29,0.25,
0.88,-9.37,0.0,-0.9,0.46,0.75,-0.94,0.32,0.35,-1.6,-0.53,-0.88,-0.91,0.6,-3.5,-0.94,-0.25,0.82,-0.36,0.29,0.25,
0.88,-10.12,0.0,-0.9,0.46,0.75,-0.94,0.32,0.35,-1.6,-0.53,-0.88,-0.91,0.6,-3.5,-0.94,-0.25,0.82,-0.36,0.29,0.25,
0.88,-9.37,0.0,-0.9,0.46,0.75,-0.94,0.32,0.35,-1.6,-0.53,-0.88,-0.91,0.6,-3.5,-0.94,-0.25,0.82,-0.36,0.29,0.25,
0.88,-9.53,0.0,-0.9,0.46,0.75,-0.94,0.32,0.35,-1.6,-0.53,-0.88,-0.91,0.6,-3.5,-0.94,-0.25,0.82,-0.36,0.29,0.25,
0.88,-9.37,0.0,-0.9,0.46,0.75,-0.94,0.32,0.35,-1.6,-0.53,-0.88,-0.91,0.6,-3.5,-0.94,-0.25,0.82,-0.36,0.29,0.25,
0.88,-9.37,0.0,-0.9,0.46,0.75,-0.94,0.32,0.35,-1.6,-0.53,-0.88,-0.91,0.6,-3.5,-0.94,-0.25,0.82,-0.36,0.29,0.25,
0.88,-9.92,0.0,-0.9,0.46,0.75,-0.94,0.32,0.35,-1.6,-0.53,-0.88,-0.91,0.6,-3.5,-0.94,-0.25,0.82,-0.36,0.29,0.25,
0.88,-9.35,0.0,-0.9,0.46,0.75,-0.94,0.32,0.35,-1.6,-0.53,-0.88,-0.91,0.6,-3.5,-0.94,-0.25,0.82,-0.36,0.29,0.25,
0.88,-9.49,0.0,-0.9,0.46,0.75,-0.94,0.32,0.35,-1.6,-0.53,-0.88,-0.91,0.6,-3.5,-0.94,-0.25,0.82,-0.36,0.29,0.25,
0.88,-9.35,0.0,-0.9,0.46,0.75,-0.94,0.32,0.35,-1.6,-0.53,-0.88,-0.91,0.6,-3.5,-0.94,-0.25,0.82,-0.36,0.29,0.25,
0.88,-9.53,0.0,-0.9,0.46,0.75,-0.94,0.32,0.35,-1.6,-0.53,-0.88,-0.91,0.6,-3.5,-0.94,-0.25,0.82,-0.36,0.29,0.25,
0.88,-9.6,0.0,-0.9,0.46,0.75,-0.94,0.32,0.35,-1.6,-0.53,-0.88,-0.91,0.6,-3.5,-0.94,-0.25,0.82,-0.36,0.29,0.25,
0.88,-9.92,0.0,-0.9,0.46,0.75,-0.94,0.32,0.35,-1.6,-0.53,-0.88,-0.91,0.6,-3.5,-0.94,-0.25,0.82,-0.36,0.29,0.25,
0.88,-9.92,0.0,-0.9,0.46,0.75,-0.94,0.32,0.35,-1.6,-0.53,-0.88,-0.91,0.6,-3.5,-0.94,-0.25,0.82,-0.36,0.29,0.25,
0.88,-9.53,0.0,-0.9,0.46,0.75,-0.94,0.32,0.35,-1.6,-0.53,-0.88,-0.91,0.6,-3.5,-0.94,-0.25,0.82,-0.36,0.29,0.25,
0.88,-9.49,0.0,-0.9,0.46,0.75,-0.94,0.32,0.35,-1.6,-0.53,-0.88,-0.91,0.6,-3.5,-0.94,-0.25,0.82,-0.36,0.29,0.25,
0.88,-9.37,0.0,-0.9,0.46,0.75,-0.94,0.32,0.35,-1.6,-0.53,-0.88,-0.91,0.6,-3.5,-0.94,-0.25,0.82,-0.36,0.29,0.25,
0.88,-9.35,0.0,-0.9,0.46,0.75,-0.94,0.32,0.35,-1.6,-0.53,-0.88,-0.91,0.6,-3.5,-0.94,-0.25,0.82,-0.36,0.29,0.25,
0.88,-9.92,0.0,-0.9,0.46,0.75,-0.94,0.32,0.35,-1.6,-0.53,-0.88,-0.91,0.6,-3.5,-0.94,-0.25,0.82,-0.36,0.29,0.25,
0.88,-9.49,0.0,-0.9,0.46,0.75,-0.94,0.32,0.35,-1.6,-0.53,-0.88,-0.91,0.6,-3.5,-0.94,-0.25,0.82,-0.36,0.29,0.25,
0.88,-9.37,0.0,-0.9,0.46,0.75,-0.94,0.32,0.35,-1.6,-0.53,-0.88,-0.91,0.6,-3.5,-0.94,-0.25,0.82,-0.36,0.29,0.25,
0.88,-9.35,0.0,-0.9,0.46,0.75,-0.94,0.32,0.35,-1.6,-0.53,-0.88,-0.91,0.6,-3.5,-0.94,-0.25,0.82,-0.36,0.29,0.25,
0.88,-9.37,0.0,-0.9,0.46,0.75,-0.94,0.32,0.35,-1.6,-0.53,-0.88,-0.91,0.6,-3.5,-0.94,-0.25,0.82,-0.36,0.29,0.25,
0.88,-9.37,0.0,-0.9,0.46,0.75,-0.94,0.32,0.35,-1.6,-0.53,-0.88,-0.91,0.6,-3.5,-0.94,-0.25,0.82,-0.36,0.29,0.25,
0.88,-10.95,0.0,-0.9,0.46,0.75,-0.94,0.32,0.35,-1.6,-0.53,-0.88,-0.91,0.6,-3.5,-0.94,-0.25,0.82,-0.36,0.29,0.25,
0.88,-9.35,0.0,-0.9,0.46,0.75,-0.94,0.32,0.35,-1.6,-0.53,-0.88,-0.91,0.6,-3.5,-0.94,-0.25,0.82,-0.36,0.29,0.25,
0.88,-9.92,0.0,-0.9,0.46,0.75,-0.94,0.32,0.35,-1.6,-0.53,-0.88,-0.91,0.6,-3.5,-0.94,-0.25,0.82,-0.36,0.29,0.25,
0.88,-9.53,0.0,-0.9,0.46,0.75,-0.94,0.32,0.35,-1.6,-0.53,-0.88,-0.91,0.6,-3.5,-0.94,-0.25,0.82,-0.36,0.29,0.25,
0.88,-9.35,0.0,-0.9,0.46,0.75,-0.94,0.32,0.35,-1.6,-0.53,-0.88,-0.91,0.6,-3.5,-0.94,-0.25,0.82,-0.36,0.29,0.25,
0.88,-9.35,0.0,-0.9,0.46,0.75,-0.94,0.32,0.35,-1.6,-0.53,-0.88,-0.91,0.6,-3.5,-0.94,-0.25,0.82,-0.36,0.29,0.25,
0.88,-9.53,0.0,-0.9,0.46,0.75,-0.94,0.32,0.35,-1.6,-0.53,-0.88,-0.91,0.6,-3.5,-0.94,-0.25,0.82,-0.36,0.29,0.25,
0.88,-11.46,0.0,-0.9,0.46,0.75,-0.94,0.32,0.35,-1.6,-0.53,-0.88,-0.91,0.6,-3.5,-0.94,-0.25,0.82,-0.36,0.29,0.25,
0.88,-10.2,0.0,-0.9,0.46,0.75,-0.94,0.32,0.35,-1.6,-0.53,-0.88,-0.91,0.6,-3.5,-0.94,-0.25,0.82,-0.36,0.29,0.25,
0.88,-9.92,0.0,-0.9,0.46,0.75,-0.94,0.32,0.35,-1.6,-0.53,-0.88,-0.91,0.6,-3.5,-0.94,-0.25,0.82,-0.36,0.29,0.25,
0.88,-9.92,0.0,-0.9,0.46,0.75,-0.94,0.32,0.35,-1.6,-0.53,-0.88,-0.91,0.6,-3.5,-0.94,-0.25,0.82,-0.36,0.29,0.25,
0.88,-9.49,0.0,-0.9,0.46,0.75,-0.94,0.32,0.35,-1.6,-0.53,-0.88,-0.91,0.6,-3.5,-0.94,-0.25,0.82,-0.36,0.29,0.25,
0.88,-9.53,0.0,-0.9,0.46,0.75,-0.94,0.32,0.35,-1.6,-0.53,-0.88,-0.91,0.6,-3.5,-0.94,-0.25,0.82,-0.36,0.29,0.25,
0.88,-9.35,0.0,-0.9,0.46,0.75,-0.94,0.32,0.35,-1.6,-0.53,-0.88,-0.91,0.6,-3.5,-0.94,-0.25,0.82,-0.36,0.29,0.25,
0.88,-9.49,0.0,-0.9,0.46,0.75,-0.94,0.32,0.35,-1.6,-0.53,-0.88,-0.91,0.6,-3.5,-0.94,-0.25,0.82,-0.36,0.29,0.25,
0.88,-9.49,0.0,-0.9,0.46,0.75,-0.94,0.32,0.35,-1.6,-0.53,-0.88,-0.91,0.6,-3.5,-0.94,-0.25,0.82,-0.36,0.29,0.25,
0.88,-9.37,0.0,-0.9,0.46,0.75,-0.94,0.32,0.35,-1.6,-0.53,-0.88,-0.91,0.6,-3.5,-0.94,-0.25,0.82,-0.36,0.29,0.25,
0.88,-9.35,0.0,-0.9,0.46,0.75,-0.94,0.32,0.35,-1.6,-0.53,-0.88,-0.91,0.6,-3.5,-0.94,-0.25,0.82,-0.36,0.29,0.25,
0.88,-9.37,0.0,-0.9,0.46,0.75,-0.94,0.32,0.35,-1.6,-0.53,-0.88,-0.91,0.6,-3.5,-0.94,-0.25,0.82,-0.36,0.29,0.25,
0.88,-9.37,0.0,-0.9,0.46,0.75,-0.94,0.32,0.35,-1.6,-0.53,-0.88,-0.91,0.6,-3.5,-0.94,-0.25,0.82,-0.36,0.29,0.25,
0.88,-9.49,0.0,-0.9,0.46,0.75,-0.94,0.32,0.35,-1.6,-0.53,-0.88,-0.91,0.6,-3.5,-0.94,-0.25,0.82,-0.36,0.29,0.25,
0.88,-9.35,0.0,-0.9,0.46,0.75,-0.94,0.32,0.35,-1.6,-0.53,-0.88,-0.91,0.6,-3.5,-0.94,-0.25,0.82,-0.36,0.29,0.25,
0.88,-9.35,0.0,-0.9,0.46,0.75,-0.94,0.32,0.35,-1.6,-0.53,-0.88,-0.91,0.6,-3.5,-0.94,-0.25,0.82,-0.36,0.29,0.25,
0.88,-9.53,0.0,-0.9,0.46,0.75,-0.94,0.32,0.35,-1.6,-0.53,-0.88,-0.91,0.6,-3.5,-0.94,-0.25,0.82,-0.36,0.29,0.25,
0.88,-10.93,0.0,-0.9,0.46,0.75,-0.94,0.32,0.35,-1.6,-0.53,-0.88,-0.91,0.6,-3.5,-0.94,-0.25,0.82,-0.36,0.29,0.25,
0.88,-9.35,0.0,-0.9,0.46,0.75,-0.94,0.32,0.35,-1.6,-0.53,-0.88,-0.91,0.6,-3.5,-0.94,-0.25,0.82,-0.36,0.29,0.25,
0.88,-9.92,0.0,-0.9,0.46,0.75,-0.94,0.32,0.35,-1.6,-0.53,-0.88,-0.91,0.6,-3.5,-0.94,-0.25,0.82,-0.36,0.29,0.25,
0.88,-9.49,0.0,-0.9,0.46,0.75,-0.94,0.32,0.35,-1.6,-0.53,-0.88,-0.91,0.6,-3.5,-0.94,-0.25,0.82,-0.36,0.29,0.25,
0.88,-9.92,0.0,-0.9,0.46,0.75,-0.94,0.32,0.35,-1.6,-0.53,-0.88,-0.91,0.6,-3.5,-0.94,-0.25,0.82,-0.36,0.29,0.25,
0.88,-9.35,0.0,-0.9,0.46,0.75,-0.94,0.32,0.35,-1.6,-0.53,-0.88,-0.91,0.6,-3.5,-0.94,-0.25,0.82,-0.36,0.29,0.25,
0.88,-9.92,0.0,-0.9,0.46,0.75,-0.94,0.32,0.35,-1.6,-0.53,-0.88,-0.91,0.6,-3.5,-0.94,-0.25,0.82,-0.36,0.29,0.25,
0.88,-9.53,0.0,-0.9,0.46,0.75,-0.94,0.32,0.35,-1.6,-0.53,-0.88,-0.91,0.6,-3.5,-0.94,-0.25,0.82,-0.36,0.29,0.25,
0.88,-9.37,0.0,-0.9,0.46,0.75,-0.94,0.32,0.35,-1.6,-0.53,-0.88,-0.91,0.6,-3.5,-0.94,-0.25,0.82,-0.36,0.29,0.25,
0.88,-9.35,0.0,-0.9,0.46,0.75,-0.94,0.32,0.35,-1.6,-0.53,-0.88,-0.91,0.6,-3.5,-0.94,-0.25,0.82,-0.36,0.29,0.25,
0.88,-9.49,0.0,-0.9,0.46,0.75,-0.94,0.32,0.35,-1.6,-0.53,-0.88,-0.91,0.6,-3.5,-0.94,-0.25,0.82,-0.36,0.29,0.25,
0.88,-9.49,0.0,-0.9,0.46,0.75,-0.94,0.32,0.35,-1.6,-0.53,-0.88,-0.91,0.6,-3.5,-0.94,-0.25,0.82,-0.36,0.29,0.25,
0.88,-9.37,0.0,-0.9,0.46,0.75,-0.94,0.32,0.35,-1.6,-0.53,-0.88,-0.91,0.6,-3.5,-0.94,-0.25,0.82,-0.36,0.29,0.25,
0.88,-10.3,0.0,-0.9,0.46,0.75,-0.94,0.32,0.35,-1.6,-0.53,-0.88,-0.91,0.6,-3.5,-0.94,-0.25,0.82,-0.36,0.29,0.25,
0.88,-9.92,0.0,-0.9,0.46,0.75,-0.94,0.32,0.35,-1.6,-0.53,-0.88,-0.91,0.6,-3.5,-0.94,-0.25,0.82,-0.36,0.29,0.25,
0.88,-9.53,0.0,-0.9,0.46,0.75,-0.94,0.32,0.35,-1.6,-0.53,-0.88,-0.91,0.6,-3.5,-0.94,-0.25,0.82,-0.36,0.29,0.25,
0.88,-9.37,0.0,-0.9,0.46,0.75,-0.94,0.32,0.35,-1.6,-0.53,-0.88,-0.91,0.6,-3.5,-0.94,-0.25,0.82,-0.36,0.29,0.25,
0.88,-9.82,0.0,-0.9,0.46,0.75,-0.94,0.32,0.35,-1.6,-0.53,-0.88,-0.91,0.6,-3.5,-0.94,-0.25,0.82,-0.36,0.29,0.25,
0.88,-9.35,0.0,-0.9,0.46,0.75,-0.94,0.32,0.35,-1.6,-0.53,-0.88,-0.91,0.6,-3.5,-0.94,-0.25,0.82,-0.36,0.29,0.25,
0.88,-9.53,0.0,-0.9,0.46,0.75,-0.94,0.32,0.35,-1.6,-0.53,-0.88,-0.91,0.6,-3.5,-0.94,-0.25,0.82,-0.36,0.29,0.25,
0.88,-9.35,0.0,-0.9,0.46,0.75,-0.94,0.32,0.35,-1.6,-0.53,-0.88,-0.91,0.6,-3.5,-0.94,-0.25,0.82,-0.36,0.29,0.25,
0.88,-9.37,0.0,-0.9,0.46,0.75,-0.94,0.32,0.35,-1.6,-0.53,-0.88,-0.91,0.6,-3.5,-0.94,-0.25,0.82,-0.36,0.29,0.25,
0.88,-9.92,0.0,-0.9,0.46,0.75,-0.94,0.32,0.35,-1.6,-0.53,-0.88,-0.91,0.6,-3.5,-0.94,-0.25,0.82,-0.36,0.29,0.25,
0.88,-9.92,0.0,-0.9,0.46,0.75,-0.94,0.32,0.35,-1.6,-0.53,-0.88,-0.91,0.6,-3.5,-0.94,-0.25,0.82,-0.36,0.29,0.25,
0.88,-11.12,0.0,-0.9,0.46,0.75,-0.94,0.32,0.35,-1.6,-0.53,-0.88,-0.91,0.6,-3.5,-0.94,-0.25,0.82,-0.36,0.29,0.25,
0.88,-10.5,0.0,-0.9,0.46,0.75,-0.94,0.32,0.35,-1.6,-0.53,-0.88,-0.91,0.6,-3.5,-0.94,-0.25,0.82,-0.36,0.29,0.25,
0.88,-9.92,0.0,-0.9,0.46,0.75,-0.94,0.32,0.35,-1.6,-0.53,-0.88,-0.91,0.6,-3.5,-0.94,-0.25,0.82,-0.36,0.29,0.25,
0.88,-9.53,0.0,-0.9,0.46,0.75,-0.94,0.32,0.35,-1.6,-0.53,-0.88,-0.91,0.6,-3.5,-0.94,-0.25,0.82,-0.36,0.29,0.25,
0.88,-9.53,0.0,-0.9,0.46,0.75,-0.94,0.32,0.35,-1.6,-0.53,-0.88,-0.91,0.6,-3.5,-0.94,-0.25,0.82,-0.36,0.29,0.25,
0.88,-9.53,0.0,-0.9,0.46,0.75,-0.94,0.32,0.35,-1.6,-0.53,-0.88,-0.91,0.6,-3.5,-0.94,-0.25,0.82,-0.36,0.29,0.25,
0.88,-9.92,0.0,-0.9,0.46,0.75,-0.94,0.32,0.35,-1.6,-0.53,-0.88,-0.91,0.6,-3.5,-0.94,-0.25,0.82,-0.36,0.29,0.25,
0.88,-9.49,0.0,-0.9,0.46,0.75,-0.94,0.32,0.35,-1.6,-0.53,-0.88,-0.91,0.6,-3.5,-0.94,-0.25,0.82,-0.36,0.29,0.25,
0.88,-9.49,0.0,-0.9,0.46,0.75,-0.94,0.32,0.35,-1.6,-0.53,-0.88,-0.91,0.6,-3.5,-0.94,-0.25,0.82,-0.36,0.29,0.25,
0.88,-9.49,0.0,-0.9,0.46,0.75,-0.94,0.32,0.35,-1.6,-0.53,-0.88,-0.91,0.6,-3.5,-0.94,-0.25,0.82,-0.36,0.29,0.25,
0.88,-9.37,0.0,-0.9,0.46,0.75,-0.94,0.32,0.35,-1.6,-0.53,-0.88,-0.91,0.6,-3.5,-0.94,-0.25,0.82,-0.36,0.29,0.25,
0.88,-9.37,0.0,-0.9,0.46,0.75,-0.94,0.32,0.35,-1.6,-0.53,-0.88,-0.91,0.6,-3.5,-0.94,-0.25,0.82,-0.36,0.29,0.25,
0.88,-9.49,0.0,-0.9,0.46,0.75,-0.94,0.32,0.35,-1.6,-0.53,-0.88,-0.91,0.6,-3.5,-0.94,-0.25,0.82,-0.36,0.29,0.25,
0.88,-9.37,0.0,-0.9,0.46,0.75,-0.94,0.32,0.35,-1.6,-0.53,-0.88,-0.91,0.6,-3.5,-0.94,-0.25,0.82,-0.36,0.29,0.25,
0.88,-9.35,0.0,-0.9,0.46,0.75,-0.94,0.32,0.35,-1.6,-0.53,-0.88,-0.91,0.6,-3.5,-0.94,-0.25,0.82,-0.36,0.29,0.25,
0.88,-9.53,0.0,-0.9,0.46,0.75,-0.94,0.32,0.35,-1.6,-0.53,-0.88,-0.91,0.6,-3.5,-0.94,-0.25,0.82,-0.36,0.29,0.25,
0.88,-9.35,0.0,-0.9,0.46,0.75,-0.94,0.32,0.35,-1.6,-0.53,-0.88,-0.91,0.6,-3.5,-0.94,-0.25,0.82,-0.36,0.29,0.25,
0.88,-10.07,0.0,-0.9,0.46,0.75,-0.94,0.32,0.35,-1.6,-0.53,-0.88,-0.91,0.6,-3.5,-0.94,-0.25,0.82,-0.36,0.29,0.25,
0.88,-9.92,0.0,-0.9,0.46,0.75,-0.94,0.32,0.35,-1.6,-0.53,-0.88,-0.91,0.6,-3.5,-0.94,-0.25,0.82,-0.36,0.29,0.25,
0.88,-10.48,0.0,-0.9,0.46,0.75,-0.94,0.32,0.35,-1.6,-0.53,-0.88,-0.91,0.6,-3.5,-0.94,-0.25,0.82,-0.36,0.29,0.25,
0.88,-9.37,0.0,-0.9,0.46,0.75,-0.94,0.32,0.35,-1.6,-0.53,-0.88,-0.91,0.6,-3.5,-0.94,-0.25,0.82,-0.36,0.29,0.25,
0.88,-9.35,0.0,-0.9,0.46,0.75,-0.94,0.32,0.35,-1.6,-0.53,-0.88,-0.91,0.6,-3.5,-0.94,-0.25,0.82,-0.36,0.29,0.25,
0.88,-9.53,0.0,-0.9,0.46,0.75,-0.94,0.32,0.35,-1.6,-0.53,-0.88,-0.91,0.6,-3.5,-0.94,-0.25,0.82,-0.36,0.29,0.25,
0.88,-9.53,0.0,-0.9,0.46,0.75,-0.94,0.32,0.35,-1.6,-0.53,-0.88,-0.91,0.6,-3.5,-0.94,-0.25,0.82,-0.36,0.29,0.25,
0.88,-9.37,0.0,-0.9,0.46,0.75,-0.94,0.32,0.35,-1.6,-0.53,-0.88,-0.91,0.6,-3.5,-0.94,-0.25,0.82,-0.36,0.29,0.25,
0.88,-9.35,0.0,-0.9,0.46,0.75,-0.94,0.32,0.35,-1.6,-0.53,-0.88,-0.91,0.6,-3.5,-0.94,-0.25,0.82,-0.36,0.29,0.25,
0.88,-9.49,0.0,-0.9,0.46,0.75,-0.94,0.32,0.35,-1.6,-0.53,-0.88,-0.91,0.6,-3.5,-0.94,-0.25,0.82,-0.36,0.29,0.25,
0.88,-9.53,0.0,-0.9,0.46,0.75,-0.94,0.32,0.35,-1.6,-0.53,-0.88,-0.91,0.6,-3.5,-0.94,-0.25,0.82,-0.36,0.29,0.25,
0.88,-9.49,0.0,-0.9,0.46,0.75,-0.94,0.32,0.35,-1.6,-0.53,-0.88,-0.91,0.6,-3.5,-0.94,-0.25,0.82,-0.36,0.29,0.25,
0.88,-9.35,0.0,-0.9,0.46,0.75,-0.94,0.32,0.35,-1.6,-0.53,-0.88,-0.91,0.6,-3.5,-0.94,-0.25,0.82,-0.36,0.29,0.25,
0.88,-9.37,0.0,-0.9,0.46,0.75,-0.94,0.32,0.35,-1.6,-0.53,-0.88,-0.91,0.6,-3.5,-0.94,-0.25,0.82,-0.36,0.29,0.25,
0.88,-9.37,0.0,-0.9,0.46,0.75,-0.94,0.32,0.35,-1.6,-0.53,-0.88,-0.91,0.6,-3.5,-0.94,-0.25,0.82,-0.36,0.29,0.25,
0.88,-9.37,0.0,-0.9,0.46,0.75,-0.94,0.32,0.35,-1.6,-0.53,-0.88,-0.91,0.6,-3.5,-0.94,-0.25,0.82,-0.36,0.29,0.25,
0.88,-9.95,0.0,-0.9,0.46,0.75,-0.94,0.32,0.35,-1.6,-0.53,-0.88,-0.91,0.6,-3.5,-0.94,-0.25,0.82,-0.36,0.29,0.25,
0.88,-9.92,0.0,-0.9,0.46,0.75,-0.94,0.32,0.35,-1.6,-0.53,-0.88,-0.91,0.6,-3.5,-0.94,-0.25,0.82,-0.36,0.29,0.25,
0.88,-9.53,0.0,-0.9,0.46,0.75,-0.94,0.32,0.35,-1.6,-0.53,-0.88,-0.91,0.6,-3.5,-0.94,-0.25,0.82,-0.36,0.29,0.25,
0.88,-9.35,0.0,-0.9,0.46,0.75,-0.94,0.32,0.35,-1.6,-0.53,-0.88,-0.91,0.6,-3.5,-0.94,-0.25,0.82,-0.36,0.29,0.25,
0.88,-9.37,0.0,-0.9,0.46,0.75,-0.94,0.32,0.35,-1.6,-0.53,-0.88,-0.91,0.6,-3.5,-0.94,-0.25,0.82,-0.36,0.29,0.25,
0.88,-9.53,0.0,-0.9,0.46,0.75,-0.94,0.32,0.35,-1.6,-0.53,-0.88,-0.91,0.6,-3.5,-0.94,-0.25,0.82,-0.36,0.29,0.25,
0.88,-9.92,0.0,-0.9,0.46,0.75,-0.94,0.32,0.35,-1.6,-0.53,-0.88,-0.91,0.6,-3.5,-0.94,-0.25,0.82,-0.36,0.29,0.25,
0.88,-9.37,0.0,-0.9,0.46,0.75,-0.94,0.32,0.35,-1.6,-0.53,-0.88,-0.91,0.6,-3.5,-0.94,-0.25,0.82,-0.36,0.29,0.25,
0.88,-9.92,0.0,-0.9,0.46,0.75,-0.94,0.32,0.35,-1.6,-0.53,-0.88,-0.91,0.6,-3.5,-0.94,-0.25,0.82,-0.36,0.29,0.25,
0.88,-10.74,0.0,-0.9,0.46,0.75,-0.94,0.32,0.35,-1.6,-0.53,-0.88,-0.91,0.6,-3.5,-0.94,-0.25,0.82,-0.36,0.29,0.25,
0.88,-9.53,0.0,-0.9,0.46,0.75,-0.94,0.32,0.35,-1.6,-0.53,-0.88,-0.91,0.6,-3.5,-0.94,-0.25,0.82,-0.36,0.29,0.25,
0.88,-9.53,0.0,-0.9,0.46,0.75,-0.94,0.32,0.35,-1.6,-0.53,-0.88,-0.91,0.6,-3.5,-0.94,-0.25,0.82,-0.36,0.29,0.25,
0.88,-9.53,0.0,-0.9,0.46,0.75,-0.94,0.32,0.35,-1.6,-0.53,-0.88,-0.91,0.6,-3.5,-0.94,-0.25,0.82,-0.36,0.29,0.25,
0.88,-9.49,0.0,-0.9,0.46,0.75,-0.94,0.32,0.35,-1.6,-0.53,-0.88,-0.91,0.6,-3.5,-0.94,-0.25,0.82,-0.36,0.29,0.25,
0.88,-9.53,0.0,-0.9,0.46,0.75,-0.94,0.32,0.35,-1.6,-0.53,-0.88,-0.91,0.6,-3.5,-0.94,-0.25,0.82,-0.36,0.29,0.25,
0.88,-9.49,0.0,-0.9,0.46,0.75,-0.94,0.32,0.35,-1.6,-0.53,-0.88,-0.91,0.6,-3.5,-0.94,-0.25,0.82,-0.36,0.29,0.25,
0.88,-9.49,0.0,-0.9,0.46,0.75,-0.94,0.32,0.35,-1.6,-0.53,-0.88,-0.91,0.6,-3.5,-0.94,-0.25,0.82,-0.36,0.29,0.25,
0.88,-9.92,0.0,-0.9,0.46,0.75,-0.94,0.32,0.35,-1.6,-0.53,-0.88,-0.91,0.6,-3.5,-0.94,-0.25,0.82,-0.36,0.29,0.25,
0.88,-9.53,0.0,-0.9,0.46,0.75,-0.94,0.32,0.35,-1.6,-0.53,-0.88,-0.91,0.6,-3.5,-0.94,-0.25,0.82,-0.36,0.29,0.25,
0.88,-9.49,0.0,-0.9,0.46,0.75,-0.94,0.32,0.35,-1.6,-0.53,-0.88,-0.91,0.6,-3.5,-0.94,-0.25,0.82,-0.36,0.29,0.25,
0.88,-9.37,0.0,-0.9,0.46,0.75,-0.94,0.32,0.35,-1.6,-0.53,-0.88,-0.91,0.6,-3.5,-0.94,-0.25,0.82,-0.36,0.29,0.25,
0.88,-9.92,0.0,-0.9,0.46,0.75,-0.94,0.32,0.35,-1.6,-0.53,-0.88,-0.91,0.6,-3.5,-0.94,-0.25,0.82,-0.36,0.29,0.25,
0.88,-10.38,0.0,-0.9,0.46,0.75,-0.94,0.32,0.35,-1.6,-0.53,-0.88,-0.91,0.6,-3.5,-0.94,-0.25,0.82,-0.36,0.29,0.25,
0.88,-9.35,0.0,-0.9,0.46,0.75,-0.94,0.32,0.35,-1.6,-0.53,-0.88,-0.91,0.6,-3.5,-0.94,-0.25,0.82,-0.36,0.29,0.25,
0.88,-9.35,0.0,-0.9,0.46,0.75,-0.94,0.32,0.35,-1.6,-0.53,-0.88,-0.91,0.6,-3.5,-0.94,-0.25,0.82,-0.36,0.29,0.25,
0.88,-10.66,0.0,-0.9,0.46,0.75,-0.94,0.32,0.35,-1.6,-0.53,-0.88,-0.91,0.6,-3.5,-0.94,-0.25,0.82,-0.36,0.29,0.25,
0.88,-9.92,0.0,-0.9,0.46,0.75,-0.94,0.32,0.35,-1.6,-0.53,-0.88,-0.91,0.6,-3.5,-0.94,-0.25,0.82,-0.36,0.29,0.25,
0.88,-9.92,0.0,-0.9,0.46,0.75,-0.94,0.32,0.35,-1.6,-0.53,-0.88,-0.91,0.6,-3.5,-0.94,-0.25,0.82,-0.36,0.29,0.25,
0.88,-9.92,0.0,-0.9,0.46,0.75,-0.94,0.32,0.35,-1.6,-0.53,-0.88,-0.91,0.6,-3.5,-0.94,-0.25,0.82,-0.36,0.29,0.25,
0.88,-9.92,0.0,-0.9,0.46,0.75,-0.94,0.32,0.35,-1.6,-0.53,-0.88,-0.91,0.6,-3.5,-0.94,-0.25,0.82,-0.36,0.29,0.25,
0.88,-9.49,0.0,-0.9,0.46,0.75,-0.94,0.32,0.35,-1.6,-0.53,-0.88,-0.91,0.6,-3.5,-0.94,-0.25,0.82,-0.36,0.29,0.25,
0.88,-9.53,0.0,-0.9,0.46,0.75,-0.94,0.32,0.35,-1.6,-0.53,-0.88,-0.91,0.6,-3.5,-0.94,-0.25,0.82,-0.36,0.29,0.25,
0.88,-9.35,0.0,-0.9,0.46,0.75,-0.94,0.32,0.35,-1.6,-0.53,-0.88,-0.91,0.6,-3.5,-0.94,-0.25,0.82,-0.36,0.29,0.25,
0.88,-9.49,0.0,-0.9,0.46,0.75,-0.94,0.32,0.35,-1.6,-0.53,-0.88,-0.91,0.6,-3.5,-0.94,-0.25,0.82,-0.36,0.29,0.25,
0.88,-11.38,0.0,-0.9,0.46,0.75,-0.94,0.32,0.35,-1.6,-0.53,-0.88,-0.91,0.6,-3.5,-0.94,-0.25,0.82,-0.36,0.29,0.25,
0.88,-9.49,0.0,-0.9,0.46,0.75,-0.94,0.32,0.35,-1.6,-0.53,-0.88,-0.91,0.6,-3.5,-0.94,-0.25,0.82,-0.36,0.29,0.25,
0.88,-9.49,0.0,-0.9,0.46,0.75,-0.94,0.32,0.35,-1.6,-0.53,-0.88,-0.91,0.6,-3.5,-0.94,-0.25,0.82,-0.36,0.29,0.25,
0.88,-9.92,0.0,-0.9,0.46,0.75,-0.94,0.32,0.35,-1.6,-0.53,-0.88,-0.91,0.6,-3.5,-0.94,-0.25,0.82,-0.36,0.29,0.25,
0.88,-9.53,0.0,-0.9,0.46,0.75,-0.94,0.32,0.35,-1.6,-0.53,-0.88,-0.91,0.6,-3.5,-0.94,-0.25,0.82,-0.36,0.29,0.25,
0.88,-9.49,0.0,-0.9,0.46,0.75,-0.94,0.32,0.35,-1.6,-0.53,-0.88,-0.91,0.6,-3.5,-0.94,-0.25,0.82,-0.36,0.29,0.25,
0.88,-9.35,0.0,-0.9,0.46,0.75,-0.94,0.32,0.35,-1.6,-0.53,-0.88,-0.91,0.6,-3.5,-0.94,-0.25,0.82,-0.36,0.29,0.25,
0.88,-9.35,0.0,-0.9,0.46,0.75,-0.94,0.32,0.35,-1.6,-0.53,-0.88,-0.91,0.6,-3.5,-0.94,-0.25,0.82,-0.36,0.29,0.25,
0.88,-9.53,0.0,-0.9,0.46,0.75,-0.94,0.32,0.35,-1.6,-0.53,-0.88,-0.91,0.6,-3.5,-0.94,-0.25,0.82,-0.36,0.29,0.25,
0.88,-9.35,0.0,-0.9,0.46,0.75,-0.94,0.32,0.35,-1.6,-0.53,-0.88,-0.91,0.6,-3.5,-0.94,-0.25,0.82,-0.36,0.29,0.25,
0.88,-9.37,0.0,-0.9,0.46,0.75,-0.94,0.32,0.35,-1.6,-0.53,-0.88,-0.91,0.6,-3.5,-0.94,-0.25,0.82,-0.36,0.29,0.25,
0.88,-9.92,0.0,-0.9,0.46,0.75,-0.94,0.32,0.35,-1.6,-0.53,-0.88,-0.91,0.6,-3.5,-0.94,-0.25,0.82,-0.36,0.29,0.25,
0.88,-9.49,0.0,-0.9,0.46,0.75,-0.94,0.32,0.35,-1.6,-0.53,-0.88,-0.91,0.6,-3.5,-0.94,-0.25,0.82,-0.36,0.29,0.25,
0.88,-10.31,0.0,-0.9,0.46,0.75,-0.94,0.32,0.35,-1.6,-0.53,-0.88,-0.91,0.6,-3.5,-0.94,-0.25,0.82,-0.36,0.29,0.25,
0.88,-9.35,0.0,-0.9,0.46,0.75,-0.94,0.32,0.35,-1.6,-0.53,-0.88,-0.91,0.6,-3.5,-0.94,-0.25,0.82,-0.36,0.29,0.25,
0.88,-9.92,0.0,-0.9,0.46,0.75,-0.94,0.32,0.35,-1.6,-0.53,-0.88,-0.91,0.6,-3.5,-0.94,-0.25,0.82,-0.36,0.29,0.25,
0.88,-9.53,0.0,-0.9,0.46,0.75,-0.94,0.32,0.35,-1.6,-0.53,-0.88,-0.91,0.6,-3.5,-0.94,-0.25,0.82,-0.36,0.29,0.25,
0.88,-9.37,0.0,-0.9,0.46,0.75,-0.94,0.32,0.35,-1.6,-0.53,-0.88,-0.91,0.6,-3.5,-0.94,-0.25,0.82,-0.36,0.29,0.25,
0.88,-9.35,0.0,-0.9,0.46,0.75,-0.94,0.32,0.35,-1.6,-0.53,-0.88,-0.91,0.6,-3.5,-0.94,-0.25,0.82,-0.36,0.29,0.25,
0.88,-9.49,0.0,-0.9,0.46,0.75,-0.94,0.32,0.35,-1.6,-0.53,-0.88,-0.91,0.6,-3.5,-0.94,-0.25,0.82,-0.36,0.29,0.25,
0.88,-9.53,0.0,-0.9,0.46,0.75,-0.94,0.32,0.35,-1.6,-0.53,-0.88,-0.91,0.6,-3.5,-0.94,-0.25,0.82,-0.36,0.29,0.25,
0.88,-9.37,0.0,-0.9,0.46,0.75,-0.94,0.32,0.35,-1.6,-0.53,-0.88,-0.91,0.6,-3.5,-0.94,-0.25,0.82,-0.36,0.29,0.25,
0.88,-9.35,0.0,-0.9,0.46,0.75,-0.94,0.32,0.35,-1.6,-0.53,-0.88,-0.91,0.6,-3.5,-0.94,-0.25,0.82,-0.36,0.29,0.25,
0.88,-9.92,0.0,-0.9,0.46,0.75,-0.94,0.32,0.35,-1.6,-0.53,-0.88,-0.91,0.6,-3.5,-0.94,-0.25,0.82,-0.36,0.29,0.25,
0.88,-9.37,0.0,-0.9,0.46,0.75,-0.94,0.32,0.35,-1.6,-0.53,-0.88,-0.91,0.6,-3.5,-0.94,-0.25,0.82,-0.36,0.29,0.25,
0.88,-9.49,0.0,-0.9,0.46,0.75,-0.94,0.32,0.35,-1.6,-0.53,-0.88,-0.91,0.6,-3.5,-0.94,-0.25,0.82,-0.36,0.29,0.25,
0.88,-9.37,0.0,-0.9,0.46,0.75,-0.94,0.32,0.35,-1.6,-0.53,-0.88,-0.91,0.6,-3.5,-0.94,-0.25,0.82,-0.36,0.29,0.25,
0.88,-9.35,0.0,-0.9,0.46,0.75,-0.94,0.32,0.35,-1.6,-0.53,-0.88,-0.91,0.6,-3.5,-0.94,-0.25,0.82,-0.36,0.29,0.25,
0.88,-9.35,0.0,-0.9,0.46,0.75,-0.94,0.32,0.35,-1.6,-0.53,-0.88,-0.91,0.6,-3.5,-0.94,-0.25,0.82,-0.36,0.29,0.25,
0.88,-9.49,0.0,-0.9,0.46,0.75,-0.94,0.32,0.35,-1.6,-0.53,-0.88,-0.91,0.6,-3.5,-0.94,-0.25,0.82,-0.36,0.29,0.25,
0.88,-9.43,0.0,-0.9,0.46,0.75,-0.94,0.32,0.35,-1.6,-0.53,-0.88,-0.91,0.6,-3.5,-0.94,-0.25,0.82,-0.36,0.29,0.25,
0.88,-9.92,0.0,-0.9,0.46,0.75,-0.94,0.32,0.35,-1.6,-0.53,-0.88,-0.91,0.6,-3.5,-0.94,-0.25,0.82,-0.36,0.29,0.25,
0.88,-9.49,0.0,-0.9,0.46,0.75,-0.94,0.32,0.35,-1.6,-0.53,-0.88,-0.91,0.6,-3.5,-0.94,-0.25,0.82,-0.36,0.29,0.25,
0.88,-11.72,0.0,-0.9,0.46,0.75,-0.94,0.32,0.35,-1.6,-0.53,-0.88,-0.91,0.6,-3.5,-0.94,-0.25,0.82,-0.36,0.29,0.25,
0.88,-9.35,0.0,-0.9,0.46,0.75,-0.94,0.32,0.35,-1.6,-0.53,-0.88,-0.91,0.6,-3.5,-0.94,-0.25,0.82,-0.36,0.29,0.25,
0.88,-9.53,0.0,-0.9,0.46,0.75,-0.94,0.32,0.35,-1.6,-0.53,-0.88,-0.91,0.6,-3.5,-0.94,-0.25,0.82,-0.36,0.29,0.25,
0.88,-9.49,0.0,-0.9,0.46,0.75,-0.94,0.32,0.35,-1.6,-0.53,-0.88,-0.91,0.6,-3.5,-0.94,-0.25,0.82,-0.36,0.29,0.25,
0.88,-9.37,0.0,-0.9,0.46,0.75,-0.94,0.32,0.35,-1.6,-0.53,-0.88,-0.91,0.6,-3.5,-0.94,-0.25,0.82,-0.36,0.29,0.25,
0.88,-9.35,0.0,-0.9,0.46,0.75,-0.94,0.32,0.35,-1.6,-0.53,-0.88,-0.91,0.6,-3.5,-0.94,-0.25,0.82,-0.36,0.29,0.25,
0.88,-9.92,0.0,-0.9,0.46,0.75,-0.94,0.32,0.35,-1.6,-0.53,-0.88,-0.91,0.6,-3.5,-0.94,-0.25,0.82,-0.36,0.29,0.25,
0.88,-9.49,0.0,-0.9,0.46,0.75,-0.94,0.32,0.35,-1.6,-0.53,-0.88,-0.91,0.6,-3.5,-0.94,-0.25,0.82,-0.36,0.29,0.25,
0.88,-9.49,0.0,-0.9,0.46,0.75,-0.94,0.32,0.35,-1.6,-0.53,-0.88,-0.91,0.6,-3.5,-0.94,-0.25,0.82,-0.36,0.29,0.25,
0.88,-9.35,0.0,-0.9,0.46,0.75,-0.94,0.32,0.35,-1.6,-0.53,-0.88,-0.91,0.6,-3.5,-0.94,-0.25,0.82,-0.36,0.29,0.25,
0.88,-9.37,0.0,-0.9,0.46,0.75,-0.94,0.32,0.35,-1.6,-0.53,-0.88,-0.91,0.6,-3.5,-0.94,-0.25,0.82,-0.36,0.29,0.25,
0.88,-9.37,0.0,-0.9,0.46,0.75,-0.94,0.32,0.35,-1.6,-0.53,-0.88,-0.91,0.6,-3.5,-0.94,-0.25,0.82,-0.36,0.29,0.25,
0.88,-9.37,0.0,-0.9,0.46,0.75,-0.94,0.32,0.35,-1.6,-0.53,-0.88,-0.91,0.6,-3.5,-0.94,-0.25,0.82,-0.36,0.29,0.25,
0.88,-9.37,0.0,-0.9,0.46,0.75,-0.94,0.32,0.35,-1.6,-0.53,-0.88,-0.91,0.6,-3.5,-0.94,-0.25,0.82,-0.36,0.29,0.25,
0.88,-9.35,0.0,-0.9,0.46,0.75,-0.94,0.32,0.35,-1.6,-0.53,-0.88,-0.91,0.6,-3.5,-0.94,-0.25,0.82,-0.36,0.29,0.25,
0.88,-9.35,0.0,-0.9,0.46,0.75,-0.94,0.32,0.35,-1.6,-0.53,-0.88,-0.91,0.6,-3.5,-0.94,-0.25,0.82,-0.36,0.29,0.25,
0.88,-9.35,0.0,-0.9,0.46,0.75,-0.94,0.32,0.35,-1.6,-0.53,-0.88,-0.91,0.6,-3.5,-0.94,-0.25,0.82,-0.36,0.29,0.25,
0.88,-9.35,0.0,-0.9,0.46,0.75,-0.94,0.32,0.35,-1.6,-0.53,-0.88,-0.91,0.6,-3.5,-0.94,-0.25,0.82,-0.36,0.29,0.25,
0.88,-9.92,0.0,-0.9,0.46,0.75,-0.94,0.32,0.35,-1.6,-0.53,-0.88,-0.91,0.6,-3.5,-0.94,-0.25,0.82,-0.36,0.29,0.25,
0.88,-9.92,0.0,-0.9,0.46,0.75,-0.94,0.32,0.35,-1.6,-0.53,-0.88,-0.91,0.6,-3.5,-0.94,-0.25,0.82,-0.36,0.29,0.25,
0.88,-9.92,0.0,-0.9,0.46,0.75,-0.94,0.32,0.35,-1.6,-0.53,-0.88,-0.91,0.6,-3.5,-0.94,-0.25,0.82,-0.36,0.29,0.25,
0.88,-9.92,0.0,-0.9,0.46,0.75,-0.94,0.32,0.35,-1.6,-0.53,-0.88,-0.91,0.6,-3.5,-0.94,-0.25,0.82,-0.36,0.29,0.25,
0.88,-9.92,0.0,-0.9,0.46,0.75,-0.94,0.32,0.35,-1.6,-0.53,-0.88,-0.91,0.6,-3.5,-0.94,-0.25,0.82,-0.36,0.29,0.25,
0.88,-9.53,0.0,-0.9,0.46,0.75,-0.94,0.32,0.35,-1.6,-0.53,-0.88,-0.91,0.6,-3.5,-0.94,-0.25,0.82,-0.36,0.29,0.25,
0.88,-9.37,0.0,-0.9,0.46,0.75,-0.94,0.32,0.35,-1.6,-0.53,-0.88,-0.91,0.6,-3.5,-0.94,-0.25,0.82,-0.36,0.29,0.25,
0.88,-9.53,0.0,-0.9,0.46,0.75,-0.94,0.32,0.35,-1.6,-0.53,-0.88,-0.91,0.6,-3.5,-0.94,-0.25,0.82,-0.36,0.29,0.25,
0.88,-9.49,0.0,-0.9,0.46,0.75,-0.94,0.32,0.35,-1.6,-0.53,-0.88,-0.91,0.6,-3.5,-0.94,-0.25,0.82,-0.36,0.29,0.25,
0.88,-9.49,0.0,-0.9,0.46,0.75,-0.94,0.32,0.35,-1.6,-0.53,-0.88,-0.91,0.6,-3.5,-0.94,-0.25,0.82,-0.36,0.29,0.25,
0.88,-9.37,0.0,-0.9,0.46,0.75,-0.94,0.32,0.35,-1.6,-0.53,-0.88,-0.91,0.6,-3.5,-0.94,-0.25,0.82,-0.36,0.29,0.25,
0.88,-9.35,0.0,-0.9,0.46,0.75,-0.94,0.32,0.35,-1.6,-0.53,-0.88,-0.91,0.6,-3.5,-0.94,-0.25,0.82,-0.36,0.29,0.25,
0.88,-9.92,0.0,-0.9,0.46,0.75,-0.94,0.32,0.35,-1.6,-0.53,-0.88,-0.91,0.6,-3.5,-0.94,-0.25,0.82,-0.36,0.29,0.25,
0.88,-9.53,0.0,-0.9,0.46,0.75,-0.94,0.32,0.35,-1.6,-0.53,-0.88,-0.91,0.6,-3.5,-0.94,-0.25,0.82,-0.36,0.29,0.25,
0.88,-9.37,0.0,-0.9,0.46,0.75,-0.94,0.32,0.35,-1.6,-0.53,-0.88,-0.91,0.6,-3.5,-0.94,-0.25,0.82,-0.36,0.29,0.25,
0.88,-9.37,0.0,-0.9,0.46,0.75,-0.94,0.32,0.35,-1.6,-0.53,-0.88,-0.91,0.6,-3.5,-0.94,-0.25,0.82,-0.36,0.29,0.25,
0.88,-9.35,0.0,-0.9,0.46,0.75,-0.94,0.32,0.35,-1.6,-0.53,-0.88,-0.91,0.6,-3.5,-0.94,-0.25,0.82,-0.36,0.29,0.25,
0.88,-9.35,0.0,-0.9,0.46,0.75,-0.94,0.32,0.35,-1.6,-0.53,-0.88,-0.91,0.6,-3.5,-0.94,-0.25,0.82,-0.36,0.29,0.25,
0.88,-9.35,0.0,-0.9,0.46,0.75,-0.94,0.32,0.35,-1.6,-0.53,-0.88,-0.91,0.6,-3.5,-0.94,-0.25,0.82,-0.36,0.29,0.25,
0.88,-9.35,0.0,-0.9,0.46,0.75,-0.94,0.32,0.35,-1.6,-0.53,-0.88,-0.91,0.6,-3.5,-0.94,-0.25,0.82,-0.36,0.29,0.25,
0.88,-9.53,0.0,-0.9,0.46,0.75,-0.94,0.32,0.35,-1.6,-0.53,-0.88,-0.91,0.6,-3.5,-0.94,-0.25,0.82,-0.36,0.29,0.25,
0.88,-9.92,0.0,-0.9,0.46,0.75,-0.94,0.32,0.35,-1.6,-0.53,-0.88,-0.91,0.6,-3.5,-0.94,-0.25,0.82,-0.36,0.29,0.25,
0.88,-9.37,0.0,-0.9,0.46,0.75,-0.94,0.32,0.35,-1.6,-0.53,-0.88,-0.91,0.6,-3.5,-0.94,-0.25,0.82,-0.36,0.29,0.25,
0.88,-9.92,0.0,-0.9,0.46,0.75,-0.94,0.32,0.35,-1.6,-0.53,-0.88,-0.91,0.6,-3.5,-0.94,-0.25,0.82,-0.36,0.29,0.25,
0.88,-9.92,0.0,-0.9,0.46,0.75,-0.94,0.32,0.35,-1.6,-0.53,-0.88,-0.91,0.6,-3.5,-0.94,-0.25,0.82,-0.36,0.29,0.25,
0.88,-9.49,0.0,-0.9,0.46,0.75,-0.94,0.32,0.35,-1.6,-0.53,-0.88,-0.91,0.6,-3.5,-0.94,-0.25,0.82,-0.36,0.29,0.25,
0.88,-9.37,0.0,-0.9,0.46,0.75,-0.94,0.32,0.35,-1.6,-0.53,-0.88,-0.91,0.6,-3.5,-0.94,-0.25,0.82,-0.36,0.29,0.25,
0.88,-9.53,0.0,-0.9,0.46,0.75,-0.94,0.32,0.35,-1.6,-0.53,-0.88,-0.91,0.6,-3.5,-0.94,-0.25,0.82,-0.36,0.29,0.25,
0.88,-9.92,0.0,-0.9,0.46,0.75,-0.94,0.32,0.35,-1.6,-0.53,-0.88,-0.91,0.6,-3.5,-0.94,-0.25,0.82,-0.36,0.29,0.25,
0.88,-9.53,0.0,-0.9,0.46,0.75,-0.94,0.32,0.35,-1.6,-0.53,-0.88,-0.91,0.6,-3.5,-0.94,-0.25,0.82,-0.36,0.29,0.25,
0.88,-9.49,0.0,-0.9,0.46,0.75,-0.94,0.32,0.35,-1.6,-0.53,-0.88,-0.91,0.6,-3.5,-0.94,-0.25,0.82,-0.36,0.29,0.25,
0.88,-10.89,0.0,-0.9,0.46,0.75,-0.94,0.32,0.35,-1.6,-0.53,-0.88,-0.91,0.6,-3.5,-0.94,-0.25,0.82,-0.36,0.29,0.25,
0.88,-9.61,0.0,-0.9,0.46,0.75,-0.94,0.32,0.35,-1.6,-0.53,-0.88,-0.91,0.6,-3.5,-0.94,-0.25,0.82,-0.36,0.29,0.25,
0.88,-9.53,0.0,-0.9,0.46,0.75,-0.94,0.32,0.35,-1.6,-0.53,-0.88,-0.91,0.6,-3.5,-0.94,-0.25,0.82,-0.36,0.29,0.25,
0.88,-9.37,0.0,-0.9,0.46,0.75,-0.94,0.32,0.35,-1.6,-0.53,-0.88,-0.91,0.6,-3.5,-0.94,-0.25,0.82,-0.36,0.29,0.25,
0.88,-11.1,0.0,-0.9,0.46,0.75,-0.94,0.32,0.35,-1.6,-0.53,-0.88,-0.91,0.6,-3.5,-0.94,-0.25,0.82,-0.36,0.29,0.25,
0.88,-9.92,0.0,-0.9,0.46,0.75,-0.94,0.32,0.35,-1.6,-0.53,-0.88,-0.91,0.6,-3.5,-0.94,-0.25,0.82,-0.36,0.29,0.25,
0.88,-9.53,0.0,-0.9,0.46,0.75,-0.94,0.32,0.35,-1.6,-0.53,-0.88,-0.91,0.6,-3.5,-0.94,-0.25,0.82,-0.36,0.29,0.25,
0.88,-9.35,0.0,-0.9,0.46,0.75,-0.94,0.32,0.35,-1.6,-0.53,-0.88,-0.91,0.6,-3.5,-0.94,-0.25,0.82,-0.36,0.29,0.25,
0.88,-9.37,0.0,-0.9,0.46,0.75,-0.94,0.32,0.35,-1.6,-0.53,-0.88,-0.91,0.6,-3.5,-0.94,-0.25,0.82,-0.36,0.29,0.25,
0.88,-9.53,0.0,-0.9,0.46,0.75,-0.94,0.32,0.35,-1.6,-0.53,-0.88,-0.91,0.6,-3.5,-0.94,-0.25,0.82,-0.36,0.29,0.25,
0.88,-9.92,0.0,-0.9,0.46,0.75,-0.94,0.32,0.35,-1.6,-0.53,-0.88,-0.91,0.6,-3.5,-0.94,-0.25,0.82,-0.36,0.29,0.25,
0.88,-9.37,0.0,-0.9,0.46,0.75,-0.94,0.32,0.35,-1.6,-0.53,-0.88,-0.91,0.6,-3.5,-0.94,-0.25,0.82,-0.36,0.29,0.25,
0.88,-9.35,0.0,-0.9,0.46,0.75,-0.94,0.32,0.35,-1.6,-0.53,-0.88,-0.91,0.6,-3.5,-0.94,-0.25,0.82,-0.36,0.29,0.25,
0.88,-9.53,0.0,-0.9,0.46,0.75,-0.94,0.32,0.35,-1.6,-0.53,-0.88,-0.91,0.6,-3.5,-0.94,-0.25,0.82,-0.36,0.29,0.25,
0.88,-9.49,0.0,-0.9,0.46,0.75,-0.94,0.32,0.35,-1.6,-0.53,-0.88,-0.91,0.6,-3.5,-0.94,-0.25,0.82,-0.36,0.29,0.25,
0.88,-9.37,0.0,-0.9,0.46,0.75,-0.94,0.32,0.35,-1.6,-0.53,-0.88,-0.91,0.6,-3.5,-0.94,-0.25,0.82,-0.36,0.29,0.25,
0.88,-9.53,0.0,-0.9,0.46,0.75,-0.94,0.32,0.35,-1.6,-0.53,-0.88,-0.91,0.6,-3.5,-0.94,-0.25,0.82,-0.36,0.29,0.25,
0.88,-9.92,0.0,-0.9,0.46,0.75,-0.94,0.32,0.35,-1.6,-0.53,-0.88,-0.91,0.6,-3.5,-0.94,-0.25,0.82,-0.36,0.29,0.25,
0.88,-9.49,0.0,-0.9,0.46,0.75,-0.94,0.32,0.35,-1.6,-0.53,-0.88,-0.91,0.6,-3.5,-0.94,-0.25,0.82,-0.36,0.29,0.25,
0.88,-9.49,0.0,-0.9,0.46,0.75,-0.94,0.32,0.35,-1.6,-0.53,-0.88,-0.91,0.6,-3.5,-0.94,-0.25,0.82,-0.36,0.29,0.25,
0.88,-9.35,0.0,-0.9,0.46,0.75,-0.94,0.32,0.35,-1.6,-0.53,-0.88,-0.91,0.6,-3.5,-0.94,-0.25,0.82,-0.36,0.29,0.25,
0.88,-9.92,0.0,-0.9,0.46,0.75,-0.94,0.32,0.35,-1.6,-0.53,-0.88,-0.91,0.6,-3.5,-0.94,-0.25,0.82,-0.36,0.29,0.25,
0.88,-9.53,0.0,-0.9,0.46,0.75,-0.94,0.32,0.35,-1.6,-0.53,-0.88,-0.91,0.6,-3.5,-0.94,-0.25,0.82,-0.36,0.29,0.25,
0.88,-9.49,0.0,-0.9,0.46,0.75,-0.94,0.32,0.35,-1.6,-0.53,-0.88,-0.91,0.6,-3.5,-0.94,-0.25,0.82,-0.36,0.29,0.25,
0.88,-9.37,0.0,-0.9,0.46,0.75,-0.94,0.32,0.35,-1.6,-0.53,-0.88,-0.91,0.6,-3.5,-0.94,-0.25,0.82,-0.36,0.29,0.25,
0.88,-9.35,0.0,-0.9,0.46,0.75,-0.94,0.32,0.35,-1.6,-0.53,-0.88,-0.91,0.6,-3.5,-0.94,-0.25,0.82,-0.36,0.29,0.25,
0.88,-9.53,0.0,-0.9,0.46,0.75,-0.94,0.32,0.35,-1.6,-0.53,-0.88,-0.91,0.6,-3.5,-0.94,-0.25,0.82,-0.36,0.29,0.25,
0.88,-9.35,0.0,-0.9,0.46,0.75,-0.94,0.32,0.35,-1.6,-0.53,-0.88,-0.91,0.6,-3.5,-0.94,-0.25,0.82,-0.36,0.29,0.25,
0.88,-9.37,0.0,-0.9,0.46,0.75,-0.94,0.32,0.35,-1.6,-0.53,-0.88,-0.91,0.6,-3.5,-0.94,-0.25,0.82,-0.36,0.29,0.25,
0.88,-9.92,0.0,-0.9,0.46,0.75,-0.94,0.32,0.35,-1.6,-0.53,-0.88,-0.91,0.6,-3.5,-0.94,-0.25,0.82,-0.36,0.29,0.25,
0.88,-10.38,0.0,-0.9,0.46,0.75,-0.94,0.32,0.35,-1.6,-0.53,-0.88,-0.91,0.6,-3.5,-0.94,-0.25,0.82,-0.36,0.29,0.25,
0.88,-9.37,0.0,-0.9,0.46,0.75,-0.94,0.32,0.35,-1.6,-0.53,-0.88,-0.91,0.6,-3.5,-0.94,-0.25,0.82,-0.36,0.29,0.25,
0.88,-9.92,0.0,-0.9,0.46,0.75,-0.94,0.32,0.35,-1.6,-0.53,-0.88,-0.91,0.6,-3.5,-0.94,-0.25,0.82,-0.36,0.29,0.25,
0.88,-10.18,0.0,-0.9,0.46,0.75,-0.94,0.32,0.35,-1.6,-0.53,-0.88,-0.91,0.6,-3.5,-0.94,-0.25,0.82,-0.36,0.29,0.25,
0.88,-9.53,0.0,-0.9,0.46,0.75,-0.94,0.32,0.35,-1.6,-0.53,-0.88,-0.91,0.6,-3.5,-0.94,-0.25,0.82,-0.36,0.29,0.25,
0.88,-9.37,0.0,-0.9,0.46,0.75,-0.94,0.32,0.35,-1.6,-0.53,-0.88,-0.91,0.6,-3.5,-0.94,-0.25,0.82,-0.36,0.29,0.25,
0.88,-9.53,0.0,-0.9,0.46,0.75,-0.94,0.32,0.35,-1.6,-0.53,-0.88,-0.91,0.6,-3.5,-0.94,-0.25,0.82,-0.36,0.29,0.25,
0.88,-9.92,0.0,-0.9,0.46,0.75,-0.94,0.32,0.35,-1.6,-0.53,-0.88,-0.91,0.6,-3.5,-0.94,-0.25,0.82,-0.36,0.29,0.25,
0.88,-9.49,0.0,-0.9,0.46,0.75,-0.94,0.32,0.35,-1.6,-0.53,-0.88,-0.91,0.6,-3.5,-0.94,-0.25,0.82,-0.36,0.29,0.25,
0.88,-9.37,0.0,-0.9,0.46,0.75,-0.94,0.32,0.35,-1.6,-0.53,-0.88,-0.91,0.6,-3.5,-0.94,-0.25,0.82,-0.36,0.29,0.25,
0.88,-9.6,0.0,-0.9,0.46,0.75,-0.94,0.32,0.35,-1.6,-0.53,-0.88,-0.91,0.6,-3.5,-0.94,-0.25,0.82,-0.36,0.29,0.25,
0.88,-9.37,0.0,-0.9,0.46,0.75,-0.94,0.32,0.35,-1.6,-0.53,-0.88,-0.91,0.6,-3.5,-0.94,-0.25,0.82,-0.36,0.29,0.25,
0.88,-9.53,0.0,-0.9,0.46,0.75,-0.94,0.32,0.35,-1.6,-0.53,-0.88,-0.91,0.6,-3.5,-0.94,-0.25,0.82,-0.36,0.29,0.25,
0.88,-9.49,0.0,-0.9,0.46,0.75,-0.94,0.32,0.35,-1.6,-0.53,-0.88,-0.91,0.6,-3.5,-0.94,-0.25,0.82,-0.36,0.29,0.25,
0.88,-9.35,0.0,-0.9,0.46,0.75,-0.94,0.32,0.35,-1.6,-0.53,-0.88,-0.91,0.6,-3.5,-0.94,-0.25,0.82,-0.36,0.29,0.25,
0.88,-9.35,0.0,-0.9,0.46,0.75,-0.94,0.32,0.35,-1.6,-0.53,-0.88,-0.91,0.6,-3.5,-0.94,-0.25,0.82,-0.36,0.29,0.25,
0.88,-9.35,0.0,-0.9,0.46,0.75,-0.94,0.32,0.35,-1.6,-0.53,-0.88,-0.91,0.6,-3.5,-0.94,-0.25,0.82,-0.36,0.29,0.25,
0.88,-9.35,0.0,-0.9,0.46,0.75,-0.94,0.32,0.35,-1.6,-0.53,-0.88,-0.91,0.6,-3.5,-0.94,-0.25,0.82,-0.36,0.29,0.25,
0.88,-9.35,0.0,-0.9,0.46,0.75,-0.94,0.32,0.35,-1.6,-0.53,-0.88,-0.91,0.6,-3.5,-0.94,-0.25,0.82,-0.36,0.29,0.25,
0.88,-9.92,0.0,-0.9,0.46,0.75,-0.94,0.32,0.35,-1.6,-0.53,-0.88,-0.91,0.6,-3.5,-0.94,-0.25,0.82,-0.36,0.29,0.25,
0.88,-9.92,0.0,-0.9,0.46,0.75,-0.94,0.32,0.35,-1.6,-0.53,-0.88,-0.91,0.6,-3.5,-0.94,-0.25,0.82,-0.36,0.29,0.25,
0.88,-9.37,0.0,-0.9,0.46,0.75,-0.94,0.32,0.35,-1.6,-0.53,-0.88,-0.91,0.6,-3.5,-0.94,-0.25,0.82,-0.36,0.29,0.25,
0.88,-9.35,0.0,-0.9,0.46,0.75,-0.94,0.32,0.35,-1.6,-0.53,-0.88,-0.91,0.6,-3.5,-0.94,-0.25,0.82,-0.36,0.29,0.25,
0.88,-9.53,0.0,-0.9,0.46,0.75,-0.94,0.32,0.35,-1.6,-0.53,-0.88,-0.91,0.6,-3.5,-0.94,-0.25,0.82,-0.36,0.29,0.25,
0.88,-9.53,0.0,-0.9,0.46,0.75,-0.94,0.32,0.35,-1.6,-0.53,-0.88,-0.91,0.6,-3.5,-0.94,-0.25,0.82,-0.36,0.29,0.25,
0.88,-9.37,0.0,-0.9,0.46,0.75,-0.94,0.32,0.35,-1.6,-0.53,-0.88,-0.91,0.6,-3.5,-0.94,-0.25,0.82,-0.36,0.29,0.25,
0.88,-9.53,0.0,-0.9,0.46,0.75,-0.94,0.32,0.35,-1.6,-0.53,-0.88,-0.91,0.6,-3.5,-0.94,-0.25,0.82,-0.36,0.29,0.25,
0.88,-9.92,0.0,-0.9,0.46,0.75,-0.94,0.32,0.35,-1.6,-0.53,-0.88,-0.91,0.6,-3.5,-0.94,-0.25,0.82,-0.36,0.29,0.25,
0.88,-9.49,0.0,-0.9,0.46,0.75,-0.94,0.32,0.35,-1.6,-0.53,-0.88,-0.91,0.6,-3.5,-0.94,-0.25,0.82,-0.36,0.29,0.25,
0.88,-9.37,0.0,-0.9,0.46,0.75,-0.94,0.32,0.35,-1.6,-0.53,-0.88,-0.91,0.6,-3.5,-0.94,-0.25,0.82,-0.36,0.29,0.25,
0.88,-9.35,0.0,-0.9,0.46,0.75,-0.94,0.32,0.35,-1.6,-0.53,-0.88,-0.91,0.6,-3.5,-0.94,-0.25,0.82,-0.36,0.29,0.25,
0.88,-11.47,0.0,-0.9,0.46,0.75,-0.94,0.32,0.35,-1.6,-0.53,-0.88,-0.91,0.6,-3.5,-0.94,-0.25,0.82,-0.36,0.29,0.25,
0.88,-9.37,0.0,-0.9,0.46,0.75,-0.94,0.32,0.35,-1.6,-0.53,-0.88,-0.91,0.6,-3.5,-0.94,-0.25,0.82,-0.36,0.29,0.25,
0.88,-9.49,0.0,-0.9,0.46,0.75,-0.94,0.32,0.35,-1.6,-0.53,-0.88,-0.91,0.6,-3.5,-0.94,-0.25,0.82,-0.36,0.29,0.25,
0.88,-9.37,0.0,-0.9,0.46,0.75,-0.94,0.32,0.35,-1.6,-0.53,-0.88,-0.91,0.6,-3.5,-0.94,-0.25,0.82,-0.36,0.29,0.25,
0.88,-9.35,0.0,-0.9,0.46,0.75,-0.94,0.32,0.35,-1.6,-0.53,-0.88,-0.91,0.6,-3.5,-0.94,-0.25,0.82,-0.36,0.29,0.25,
0.88,-9.35,0.0,-0.9,0.46,0.75,-0.94,0.32,0.35,-1.6,-0.53,-0.88,-0.91,0.6,-3.5,-0.94,-0.25,0.82,-0.36,0.29,0.25,
0.88,-9.35,0.0,-0.9,0.46,0.75,-0.94,0.32,0.35,-1.6,-0.53,-0.88,-0.91,0.6,-3.5,-0.94,-0.25,0.82,-0.36,0.29,0.25,
0.88,-9.35,0.0,-0.9,0.46,0.75,-0.94,0.32,0.35,-1.6,-0.53,-0.88,-0.91,0.6,-3.5,-0.94,-0.25,0.82,-0.36,0.29,0.25,
0.88,-9.92,0.0,-0.9,0.46,0.75,-0.94,0.32,0.35,-1.6,-0.53,-0.88,-0.91,0.6,-3.5,-0.94,-0.25,0.82,-0.36,0.29,0.25,
0.88,-10.51,0.0,-0.9,0.46,0.75,-0.94,0.32,0.35,-1.6,-0.53,-0.88,-0.91,0.6,-3.5,-0.94,-0.25,0.82,-0.36,0.29,0.25,
0.88,-9.37,0.0,-0.9,0.46,0.75,-0.94,0.32,0.35,-1.6,-0.53,-0.88,-0.91,0.6,-3.5,-0.94,-0.25,0.82,-0.36,0.29,0.25,
0.88,-9.92,0.0,-0.9,0.46,0.75,-0.94,0.32,0.35,-1.6,-0.53,-0.88,-0.91,0.6,-3.5,-0.94,-0.25,0.82,-0.36,0.29,0.25,
0.88,-10.98,0.0,-0.9,0.46,0.75,-0.94,0.32,0.35,-1.6,-0.53,-0.88,-0.91,0.6,-3.5,-0.94,-0.25,0.82,-0.36,0.29,0.25,
0.88,-9.53,0.0,-0.9,0.46,0.75,-0.94,0.32,0.35,-1.6,-0.53,-0.88,-0.91,0.6,-3.5,-0.94,-0.25,0.82,-0.36,0.29,0.25,
0.88,-9.53,0.0,-0.9,0.46,0.75,-0.94,0.32,0.35,-1.6,-0.53,-0.88,-0.91,0.6,-3.5,-0.94,-0.25,0.82,-0.36,0.29,0.25,
0.88,-9.53,0.0,-0.9,0.46,0.75,-0.94,0.32,0.35,-1.6,-0.53,-0.88,-0.91,0.6,-3.5,-0.94,-0.25,0.82,-0.36,0.29,0.25,
0.88,-9.49,0.0,-0.9,0.46,0.75,-0.94,0.32,0.35,-1.6,-0.53,-0.88,-0.91,0.6,-3.5,-0.94,-0.25,0.82,-0.36,0.29,0.25,
0.88,-9.49,0.0,-0.9,0.46,0.75,-0.94,0.32,0.35,-1.6,-0.53,-0.88,-0.91,0.6,-3.5,-0.94,-0.25,0.82,-0.36,0.29,0.25,
0.88,-9.49,0.0,-0.9,0.46,0.75,-0.94,0.32,0.35,-1.6,-0.53,-0.88,-0.91,0.6,-3.5,-0.94,-0.25,0.82,-0.36,0.29,0.25,
0.88,-9.35,0.0,-0.9,0.46,0.75,-0.94,0.32,0.35,-1.6,-0.53,-0.88,-0.91,0.6,-3.5,-0.94,-0.25,0.82,-0.36,0.29,0.25,
0.88,-9.37,0.0,-0.9,0.46,0.75,-0.94,0.32,0.35,-1.6,-0.53,-0.88,-0.91,0.6,-3.5,-0.94,-0.25,0.82,-0.36,0.29,0.25,
0.88,-9.37,0.0,-0.9,0.46,0.75,-0.94,0.32,0.35,-1.6,-0.53,-0.88,-0.91,0.6,-3.5,-0.94,-0.25,0.82,-0.36,0.29,0.25,
0.88,-9.49,0.0,-0.9,0.46,0.75,-0.94,0.32,0.35,-1.6,-0.53,-0.88,-0.91,0.6,-3.5,-0.94,-0.25,0.82,-0.36,0.29,0.25,
0.88,-9.35,0.0,-0.9,0.46,0.75,-0.94,0.32,0.35,-1.6,-0.53,-0.88,-0.91,0.6,-3.5,-0.94,-0.25,0.82,-0.36,0.29,0.25,
0.88,-9.92,0.0,-0.9,0.46,0.75,-0.94,0.32,0.35,-1.6,-0.53,-0.88,-0.91,0.6,-3.5,-0.94,-0.25,0.82,-0.36,0.29,0.25,
0.88,-9.35,0.0,-0.9,0.46,0.75,-0.94,0.32,0.35,-1.6,-0.53,-0.88,-0.91,0.6,-3.5,-0.94,-0.25,0.82,-0.36,0.29,0.25,
0.88,-9.35,0.0,-0.9,0.46,0.75,-0.94,0.32,0.35,-1.6,-0.53,-0.88,-0.91,0.6,-3.5,-0.94,-0.25,0.82,-0.36,0.29,0.25,
0.88,-9.37,0.0,-0.9,0.46,0.75,-0.94,0.32,0.35,-1.6,-0.53,-0.88,-0.91,0.6,-3.5,-0.94,-0.25,0.82,-0.36,0.29,0.25,
0.88,-9.53,0.0,-0.9,0.46,0.75,-0.94,0.32,0.35,-1.6,-0.53,-0.88,-0.91,0.6,-3.5,-0.94,-0.25,0.82,-0.36,0.29,0.25,
0.88,-9.49,0.0,-0.9,0.46,0.75,-0.94,0.32,0.35,-1.6,-0.53,-0.88,-0.91,0.6,-3.5,-0.94,-0.25,0.82,-0.36,0.29,0.25,
0.88,-9.92,0.0,-0.9,0.46,0.75,-0.94,0.32,0.35,-1.6,-0.53,-0.88,-0.91,0.6,-3.5,-0.94,-0.25,0.82,-0.36,0.29,0.25,
0.88,-9.92,0.0,-0.9,0.46,0.75,-0.94,0.32,0.35,-1.6,-0.53,-0.88,-0.91,0.6,-3.5,-0.94,-0.25,0.82,-0.36,0.29,0.25,
0.88,-9.92,0.0,-0.9,0.46,0.75,-0.94,0.32,0.35,-1.6,-0.53,-0.88,-0.91,0.6,-3.5,-0.94,-0.25,0.82,-0.36,0.29,0.25,
0.88,-9.49,0.0,-0.9,0.46,0.75,-0.94,0.32,0.35,-1.6,-0.53,-0.88,-0.91,0.6,-3.5,-0.94,-0.25,0.82,-0.36,0.29,0.25,
0.88,-9.53,0.0,-0.9,0.46,0.75,-0.94,0.32,0.35,-1.6,-0.53,-0.88,-0.91,0.6,-3.5,-0.94,-0.25,0.82,-0.36,0.29,0.25,
0.88,-11.07,0.0,-0.9,0.46,0.75,-0.94,0.32,0.35,-1.6,-0.53,-0.88,-0.91,0.6,-3.5,-0.94,-0.25,0.82,-0.36,0.29,0.25,
0.88,-9.49,0.0,-0.9,0.46,0.75,-0.94,0.32,0.35,-1.6,-0.53,-0.88,-0.91,0.6,-3.5,-0.94,-0.25,0.82,-0.36,0.29,0.25,
0.88,-9.53,0.0,-0.9,0.46,0.75,-0.94,0.32,0.35,-1.6,-0.53,-0.88,-0.91,0.6,-3.5,-0.94,-0.25,0.82,-0.36,0.29,0.25,
0.88,-9.37,0.0,-0.9,0.46,0.75,-0.94,0.32,0.35,-1.6,-0.53,-0.88,-0.91,0.6,-3.5,-0.94,-0.25,0.82,-0.36,0.29,0.25,
0.88,-9.35,0.0,-0.9,0.46,0.75,-0.94,0.32,0.35,-1.6,-0.53,-0.88,-0.91,0.6,-3.5,-0.94,-0.25,0.82,-0.36,0.29,0.25,
0.88,-9.37,0.0,-0.9,0.46,0.75,-0.94,0.32,0.35,-1.6,-0.53,-0.88,-0.91,0.6,-3.5,-0.94,-0.25,0.82,-0.36,0.29,0.25,
0.88,-9.37,0.0,-0.9,0.46,0.75,-0.94,0.32,0.35,-1.6,-0.53,-0.88,-0.91,0.6,-3.5,-0.94,-0.25,0.82,-0.36,0.29,0.25,
0.88,-9.49,0.0,-0.9,0.46,0.75,-0.94,0.32,0.35,-1.6,-0.53,-0.88,-0.91,0.6,-3.5,-0.94,-0.25,0.82,-0.36,0.29,0.25,
0.88,-9.37,0.0,-0.9,0.46,0.75,-0.94,0.32,0.35,-1.6,-0.53,-0.88,-0.91,0.6,-3.5,-0.94,-0.25,0.82,-0.36,0.29,0.25,
0.88,-9.35,0.0,-0.9,0.46,0.75,-0.94,0.32,0.35,-1.6,-0.53,-0.88,-0.91,0.6,-3.5,-0.94,-0.25,0.82,-0.36,0.29,0.25,
0.88,-9.53,0.0,-0.9,0.46,0.75,-0.94,0.32,0.35,-1.6,-0.53,-0.88,-0.91,0.6,-3.5,-0.94,-0.25,0.82,-0.36,0.29,0.25,
0.88,-10.06,0.0,-0.9,0.46,0.75,-0.94,0.32,0.35,-1.6,-0.53,-0.88,-0.91,0.6,-3.5,-0.94,-0.25,0.82,-0.36,0.29,0.25,
0.88,-9.37,0.0,-0.9,0.46,0.75,-0.94,0.32,0.35,-1.6,-0.53,-0.88,-0.91,0.6,-3.5,-0.94,-0.25,0.82,-0.36,0.29,0.25,