10
0.68,-0.66,-0.86,0.81,-0.0,0.47,-5.0,-0.66,0.59,0.25,-0.39,0.77,0.62,-0.05,-1.63,-0.34,0.48,0.36,-0.32,-0.58,-0.15,
0.68,-0.66,-0.86,0.81,-0.0,0.47,-4.54,-0.66,0.59,0.25,-0.39,0.77,0.62,-0.05,-1.63,-0.34,0.48,0.36,-0.32,-0.58,-0.15,
0.68,-0.66,-0.86,0.81,-0.0,0.47,-4.24,-0.66,0.59,0.25,-0.39,0.77,0.62,-0.05,-1.63,-0.34,0.48,0.36,-0.32,-0.58,-0.15,
0.68,-0.66,-0.86,0.81,-0.0,0.47,-4.19,-0.66,0.59,0.25,-0.39,0.77,0.62,-0.05,-2.99,-0.34,0.48,0.36,-0.32,-0.58,-0.15,
0.68,-0.66,-0.86,0.81,-0.0,0.47,-3.48,-0.66,0.59,0.25,-0.39,0.77,0.62,-0.05,-1.63,-0.34,0.48,0.55,-0.32,-0.58,-0.15,
0.68,-0.66,-0.86,0.81,-0.0,0.47,-3.48,-0.66,0.59,0.25,-0.39,0.77,0.62,-0.05,-1.63,-0.34,0.48,0.55,-0.32,-0.58,-0.15,
0.68,-0.66,-0.86,0.81,-0.0,0.47,-3.48,-0.66,0.59,0.25,-0.39,0.77,0.62,-0.05,-1.63,-0.34,0.48,0.36,-0.32,-0.58,-0.15,
0.68,-0.66,-0.86,0.81,-0.0,0.47,-3.48,-0.66,0.59,0.25,-0.39,0.77,0.62,-0.05,-1.63,-0.34,0.48,0.36,-0.32,-0.58,-0.15,
0.68,-0.66,-0.86,0.81,-0.0,0.47,-3.48,-0.66,0.59,0.25,-0.39,0.77,0.62,-0.05,-1.63,-0.34,0.48,0.36,-0.32,-0.58,-0.15,
0.68,-0.66,-0.86,0.81,-0.0,0.47,-3.48,-0.66,0.59,0.25,-0.39,0.77,0.62,-0.05,-1.63,-0.34,0.48,0.36,-0.32,-0.58,-0.15,
0.68,-0.66,-0.86,0.81,-0.0,0.47,-3.48,-0.66,0.59,0.25,-0.39,0.77,0.62,-0.05,-1.63,-0.34,0.48,0.36,-0.32,-0.58,-0.15,
0.68,-0.66,-0.86,0.81,-0.0,0.47,-3.48,-0.66,0.59,0.25,-0.39,0.77,0.62,-0.05,-1.63,-0.34,0.48,0.36,-0.32,-0.58,-0.15,
0.68,-0.66,-0.86,0.81,-0.0,0.47,-3.48,-0.66,0.59,0.25,-0.39,0.77,0.62,-0.05,-1.63,-0.34,0.48,0.36,-0.32,-0.58,-0.15,
0.68,-0.66,-0.86,0.81,-0.0,0.47,-3.48,-0.66,0.59,0.25,-0.39,0.77,0.62,-0.05,-1.63,-0.34,0.48,0.36,-0.32,-0.58,-0.15,
0.68,-0.66,-0.86,0.81,-0.0,0.47,-3.48,-0.66,0.59,0.25,-0.39,0.77,0.62,-0.05,-1.63,-0.34,0.48,0.36,-0.32,-0.58,-0.15,
0.68,-0.66,-0.86,0.81,-0.0,0.47,-3.48,-0.66,0.59,0.25,-0.39,0.77,0.62,-0.05,-1.63,-0.34,0.48,0.36,-0.32,-0.58,-0.15,
0.68,-0.66,-0.86,0.81,-0.0,0.47,-3.48,-0.66,0.59,0.25,-0.39,0.77,0.62,-0.05,-1.63,-0.34,0.48,0.36,-0.32,-0.58,-0.15,
0.68,-0.66,-0.86,0.81,-0.0,0.47,-3.48,-0.66,0.59,0.25,-0.39,0.77,0.62,-0.05,-0.55,-0.34,0.48,0.36,-0.32,-0.58,-0.15,
0.68,-0.66,-0.86,0.81,-0.0,0.47,-3.48,-0.66,0.59,0.25,-0.39,0.77,0.62,-0.05,-0.55,-0.34,0.48,0.36,-0.32,-0.58,-0.15,
0.68,-0.66,-0.86,0.81,-0.0,0.47,-3.48,-0.66,0.59,0.25,-0.39,0.77,0.62,-0.05,-0.55,-0.34,0.48,0.36,-0.32,-0.58,-0.15,
0.68,-0.66,-0.86,0.81,-0.0,0.47,-3.48,-0.66,0.59,0.25,-0.39,0.77,0.62,-0.05,-0.55,-0.34,0.48,0.36,-0.32,-0.58,-0.15,
0.68,-0.66,-0.86,0.81,-0.0,0.47,-3.48,-0.66,0.59,0.25,-0.39,0.77,0.62,-0.05,-0.55,-0.34,0.48,0.36,-0.32,-0.58,-0.15,
0.68,-0.66,-0.86,0.81,-0.0,0.47,-3.48,-0.66,0.59,0.25,-0.39,0.77,0.62,-0.05,-0.55,-0.34,0.48,0.36,-0.32,-0.58,-0.15,
0.68,-0.66,-0.86,0.81,-0.0,0.47,-3.48,-0.66,0.59,0.25,-0.39,0.77,0.62,-0.05,-0.55,-0.34,0.48,0.36,-0.32,-0.58,-0.15,
0.68,-0.66,-0.86,0.81,-0.0,0.47,-3.48,-0.66,0.59,0.25,-0.39,0.77,0.62,-0.05,-0.55,-0.34,0.48,0.36,-0.32,-0.58,-0.15,
0.68,-0.66,-0.86,0.81,-0.0,0.47,-3.06,-0.66,0.59,0.25,-0.39,0.77,0.62,-0.05,-2.99,-0.34,0.48,0.55,-0.32,-0.58,-0.15,
0.68,-0.66,-0.86,0.81,-0.0,0.47,-3.06,-0.66,0.59,0.25,-0.39,0.77,0.62,-0.05,-2.99,-0.34,0.48,0.55,-0.32,-0.58,-0.15,
0.68,-0.66,-0.86,0.81,-0.0,0.47,-3.06,-0.66,0.59,0.25,-0.39,0.77,0.62,-0.05,-2.99,-0.34,0.48,0.36,-0.32,-0.58,-0.15,
0.68,-0.66,-0.86,0.81,-0.0,0.47,-3.06,-0.66,0.59,0.25,-0.39,0.77,0.62,-0.05,-2.99,-0.34,0.48,0.36,-0.32,-0.58,-0.15,
0.68,-0.66,-0.86,0.81,-0.0,0.47,-3.06,-0.66,0.59,0.25,-0.39,0.77,0.62,-0.05,-2.99,-0.34,0.48,0.36,-0.32,-0.58,-0.15,
0.68,-0.66,-0.86,0.81,-0.0,0.47,-3.06,-0.66,0.59,0.25,-0.39,0.77,0.62,-0.05,-2.99,-0.34,0.48,0.36,-0.32,-0.58,-0.15,
0.68,-0.66,-0.86,0.81,-0.0,0.47,-3.06,-0.66,0.59,0.25,-0.39,0.77,0.62,-0.05,-2.99,-0.34,0.48,0.36,-0.32,-0.58,-0.15,
0.68,-0.66,-0.86,0.81,-0.0,0.47,-3.06,-0.66,0.59,0.25,-0.39,0.77,0.62,-0.05,-2.99,-0.34,0.48,0.36,-0.32,-0.58,-0.15,
0.68,-0.66,-0.86,0.81,-0.0,0.47,-3.06,-0.66,0.59,0.25,-0.39,0.77,0.62,-0.05,-2.99,-0.34,0.48,0.36,-0.32,-0.58,-0.15,
0.68,-0.66,-0.86,0.81,-0.0,0.47,-3.06,-0.66,0.59,0.25,-0.39,0.77,0.62,-0.05,-2.99,-0.34,0.48,0.36,-0.32,-0.58,-0.15,
0.68,-0.66,-0.86,0.81,-0.0,0.47,-3.06,-0.66,0.59,0.25,-0.39,0.77,0.62,-0.05,-2.99,-0.34,0.48,0.36,-0.32,-0.58,-0.15,
0.68,-0.66,-0.86,0.81,-0.0,0.47,-3.06,-0.66,0.59,0.25,-0.39,0.77,0.62,-0.05,-2.99,-0.34,0.48,0.36,-0.32,-0.58,-0.15,
0.68,-0.66,-0.86,0.81,-0.0,0.47,-3.06,-0.66,0.59,0.25,-0.39,0.77,0.62,-0.05,-2.99,-0.34,0.48,0.36,-0.32,-0.58,-0.15,
0.68,-0.66,-0.86,0.81,-0.0,0.47,-3.06,-0.66,0.59,0.25,-0.39,0.77,0.62,-0.05,-1.76,-0.34,0.48,0.36,-0.32,-0.58,-0.15,
0.68,-0.66,-0.86,0.81,-0.0,0.47,-3.06,-0.66,0.59,0.25,-0.39,0.77,0.62,-0.05,-1.71,-0.34,0.48,0.36,-0.32,-0.58,-0.15,
0.68,-0.66,-0.86,0.81,-0.0,0.47,-3.06,-0.66,0.59,0.25,-0.39,0.77,0.62,-0.05,-1.63,-0.34,0.48,0.55,-0.32,-0.58,-0.15,
0.68,-0.66,-0.86,0.81,-0.0,0.47,-3.06,-0.66,0.59,0.25,-0.39,0.77,0.62,-0.05,-1.63,-0.34,0.48,0.55,-0.32,-0.58,-0.15,
0.68,-0.66,-0.86,0.81,-0.0,0.47,-3.06,-0.66,0.59,0.25,-0.39,0.77,0.62,-0.05,-1.63,-0.34,0.48,0.55,-0.32,-0.58,-0.15,
0.68,-0.66,-0.86,0.81,-0.0,0.47,-3.06,-0.66,0.59,0.25,-0.39,0.77,0.62,-0.05,-1.63,-0.34,0.48,0.36,-0.32,-0.58,-0.15,
0.68,-0.66,-0.86,0.81,-0.0,0.47,-3.06,-0.66,0.59,0.25,-0.39,0.77,0.62,-0.05,-1.63,-0.34,0.48,0.36,-0.32,-0.58,-0.15,
0.68,-0.66,-0.86,0.81,-0.0,0.47,-3.06,-0.66,0.59,0.25,-0.39,0.77,0.62,-0.05,-1.63,-0.34,0.48,0.36,-0.32,-0.58,-0.15,
0.68,-0.66,-0.86,0.81,-0.0,0.47,-3.06,-0.66,0.59,0.25,-0.39,0.77,0.62,-0.05,-1.63,-0.34,0.48,0.36,-0.32,-0.58,-0.15,
0.68,-0.66,-0.86,0.81,-0.0,0.47,-3.06,-0.66,0.59,0.25,-0.39,0.77,0.62,-0.05,-1.63,-0.34,0.48,0.36,-0.32,-0.58,-0.15,
0.68,-0.66,-0.86,0.81,-0.0,0.47,-3.06,-0.66,0.59,0.25,-0.39,0.77,0.62,-0.05,-1.63,-0.34,0.48,0.36,-0.32,-0.58,-0.15,
0.68,-0.66,-0.86,0.81,-0.0,0.47,-3.06,-0.66,0.59,0.25,-0.39,0.77,0.62,-0.05,-1.63,-0.34,0.48,0.36,-0.32,-0.58,-0.15,
0.68,-0.66,-0.86,0.81,-0.0,0.47,-3.06,-0.66,0.59,0.25,-0.39,0.77,0.62,-0.05,-1.63,-0.34,0.48,0.36,-0.32,-0.58,-0.15,
0.68,-0.66,-0.86,0.81,-0.0,0.47,-3.06,-0.66,0.59,0.25,-0.39,0.77,0.62,-0.05,-1.63,-0.34,0.48,0.36,-0.32,-0.58,-0.15,
0.68,-0.66,-0.86,0.81,-0.0,0.47,-3.06,-0.66,0.59,0.25,-0.39,0.77,0.62,-0.05,-1.63,-0.34,0.48,0.36,-0.32,-0.58,-0.15,
0.68,-0.66,-0.86,0.81,-0.0,0.47,-3.06,-0.66,0.59,0.25,-0.39,0.77,0.62,-0.05,-1.63,-0.34,0.48,0.36,-0.32,-0.58,-0.15,
0.68,-0.66,-0.86,0.81,-0.0,0.47,-3.06,-0.66,0.59,0.25,-0.39,0.77,0.62,-0.05,-1.63,-0.34,0.48,0.36,-0.32,-0.58,-0.15,
0.68,-0.66,-0.86,0.81,-0.0,0.47,-3.06,-0.66,0.59,0.25,-0.39,0.77,0.62,-0.05,-1.63,-0.34,0.48,0.36,-0.32,-0.58,-0.15,
0.68,-0.66,-0.86,0.81,-0.0,0.47,-3.06,-0.66,0.59,0.25,-0.39,0.77,0.62,-0.05,-1.63,-0.34,0.48,0.36,-0.32,-0.58,-0.15,
0.68,-0.66,-0.86,0.81,-0.0,0.47,-3.06,-0.66,0.59,0.25,-0.39,0.77,0.62,-0.05,-1.63,-0.34,0.48,0.36,-0.32,-0.58,-0.15,
0.68,-0.66,-0.86,0.81,-0.0,0.47,-3.06,-0.66,0.59,0.25,-0.39,0.77,0.62,-0.05,-1.63,-0.34,0.48,0.36,-0.32,-0.58,-0.15,
0.68,-0.66,-0.86,0.81,-0.0,0.47,-3.06,-0.66,0.59,0.25,-0.39,0.77,0.62,-0.05,-1.63,-0.34,0.48,0.36,-0.32,-0.58,-0.15,
0.68,-0.66,-0.86,0.81,-0.0,0.47,-3.06,-0.66,0.59,0.25,-0.39,0.77,0.62,-0.05,-1.63,-0.34,0.48,0.36,-0.32,-0.58,-0.15,
0.68,-0.66,-0.86,0.81,-0.0,0.47,-3.06,-0.66,0.59,0.25,-0.39,0.77,0.62,-0.05,-1.63,-0.34,0.48,0.36,-0.32,-0.58,-0.15,
0.68,-0.66,-0.86,0.81,-0.0,0.47,-3.06,-0.66,0.59,0.25,-0.39,0.77,0.62,-0.05,-0.55,-0.34,0.48,0.36,-0.32,-0.58,-0.15,
0.68,-0.66,-0.86,0.81,-0.0,0.47,-3.06,-0.66,0.59,0.25,-0.39,0.77,0.62,-0.05,-0.55,-0.34,0.48,0.36,-0.32,-0.58,-0.15,
0.68,-0.66,-0.86,0.81,-0.0,0.47,-3.06,-0.66,0.59,0.25,-0.39,0.77,0.62,-0.05,-0.55,-0.34,0.48,0.36,-0.32,-0.58,-0.15,
0.68,-0.66,-0.86,0.81,-0.0,0.47,-3.06,-0.66,0.59,0.25,-0.39,0.77,0.62,-0.05,-0.55,-0.34,0.48,0.36,-0.32,-0.58,-0.15,
0.68,-0.66,-0.86,0.81,-0.0,0.47,-5.13,-0.66,0.59,0.25,-0.39,0.77,0.62,-0.05,-1.63,-0.34,0.48,0.36,-0.32,-0.58,-0.15,
0.68,-0.66,-0.86,0.81,-0.0,0.47,-4.94,-0.66,0.59,0.25,-0.39,0.77,0.62,-0.05,-1.63,-0.34,0.48,0.36,-0.32,-0.58,-0.15,
0.68,-0.66,-0.86,0.81,-0.0,0.47,-4.38,-0.66,0.59,0.25,-0.39,0.77,0.62,-0.05,-1.63,-0.34,0.48,0.36,-0.32,-0.58,-0.15,
0.68,-0.66,-0.86,0.81,-0.0,0.47,-3.48,-0.66,0.59,0.25,-0.39,0.77,0.62,-0.05,-1.63,-0.34,0.48,0.55,-0.32,-0.58,-0.15,
0.68,-0.66,-0.86,0.81,-0.0,0.47,-3.48,-0.66,0.59,0.25,-0.39,0.77,0.62,-0.05,-1.63,-0.34,0.48,0.36,-0.32,-0.58,-0.15,
0.68,-0.66,-0.86,0.81,-0.0,0.47,-3.48,-0.66,0.59,0.25,-0.39,0.77,0.62,-0.05,-1.63,-0.34,0.48,0.36,-0.32,-0.58,-0.15,
0.68,-0.66,-0.86,0.81,-0.0,0.47,-3.48,-0.66,0.59,0.25,-0.39,0.77,0.62,-0.05,-1.63,-0.34,0.48,0.36,-0.32,-0.58,-0.15,
0.68,-0.66,-0.86,0.81,-0.0,0.47,-3.48,-0.66,0.59,0.25,-0.39,0.77,0.62,-0.05,-1.63,-0.34,0.48,0.36,-0.32,-0.58,-0.15,
0.68,-0.66,-0.86,0.81,-0.0,0.47,-3.48,-0.66,0.59,0.25,-0.39,0.77,0.62,-0.05,-1.63,-0.34,0.48,0.36,-0.32,-0.58,-0.15,
0.68,-0.66,-0.86,0.81,-0.0,0.47,-3.48,-0.66,0.59,0.25,-0.39,0.77,0.62,-0.05,-1.63,-0.34,0.48,0.36,-0.32,-0.58,-0.15,
0.68,-0.66,-0.86,0.81,-0.0,0.47,-3.06,-0.66,0.59,0.25,-0.39,0.77,0.62,-0.05,-1.63,-0.34,0.48,0.55,-0.32,-0.58,-0.15,
0.68,-0.66,-0.86,0.81,-0.0,0.47,-3.06,-0.66,0.59,0.25,-0.39,0.77,0.62,-0.05,-1.63,-0.34,0.48,0.55,-0.32,-0.58,-0.15,
0.68,-0.66,-0.86,0.81,-0.0,0.47,-3.06,-0.66,0.59,0.25,-0.39,0.77,0.62,-0.05,-1.63,-0.34,0.48,0.55,-0.32,-0.58,-0.15,
0.68,-0.66,-0.86,0.81,-0.0,0.47,-3.06,-0.66,0.59,0.25,-0.39,0.77,0.62,-0.05,-1.63,-0.34,0.48,0.36,-0.32,-0.58,-0.15,
0.68,-0.66,-0.86,0.81,-0.0,0.47,-3.06,-0.66,0.59,0.25,-0.39,0.77,0.62,-0.05,-1.63,-0.34,0.48,0.36,-0.32,-0.58,-0.15,
0.68,-0.66,-0.86,0.81,-0.0,0.47,-3.06,-0.66,0.59,0.25,-0.39,0.77,0.62,-0.05,-1.63,-0.34,0.48,0.36,-0.32,-0.58,-0.15,
0.68,-0.66,-0.86,0.81,-0.0,0.47,-3.06,-0.66,0.59,0.25,-0.39,0.77,0.62,-0.05,-1.63,-0.34,0.48,0.36,-0.32,-0.58,-0.15,
0.68,-0.66,-0.86,0.81,-0.0,0.47,-3.06,-0.66,0.59,0.25,-0.39,0.77,0.62,-0.05,-1.63,-0.34,0.48,0.36,-0.32,-0.58,-0.15,
0.68,-0.66,-0.86,0.81,-0.0,0.47,-3.06,-0.66,0.59,0.25,-0.39,0.77,0.62,-0.05,-1.63,-0.34,0.48,0.36,-0.32,-0.58,-0.15,
0.68,-0.66,-0.86,0.81,-0.0,0.47,-3.06,-0.66,0.59,0.25,-0.39,0.77,0.62,-0.05,-1.63,-0.34,0.48,0.36,-0.32,-0.58,-0.15,
0.68,-0.66,-0.86,0.81,-0.0,0.47,-3.06,-0.66,0.59,0.25,-0.39,0.77,0.62,-0.05,-1.63,-0.34,0.48,0.36,-0.32,-0.58,-0.15,
0.68,-0.66,-0.86,0.81,-0.0,0.47,-3.06,-0.66,0.59,0.25,-0.39,0.77,0.62,-0.05,-1.63,-0.34,0.48,0.36,-0.32,-0.58,-0.15,
0.68,-0.66,-0.86,0.81,-0.0,0.47,-3.06,-0.66,0.59,0.25,-0.39,0.77,0.62,-0.05,-1.63,-0.34,0.48,0.36,-0.32,-0.58,-0.15,
0.68,-0.66,-0.86,0.81,-0.0,0.47,-3.06,-0.66,0.59,0.25,-0.39,0.77,0.62,-0.05,-1.63,-0.34,0.48,0.36,-0.32,-0.58,-0.15,
0.68,-0.66,-0.86,0.81,-0.0,0.47,-3.06,-0.66,0.59,0.25,-0.39,0.77,0.62,-0.05,-1.63,-0.34,0.48,0.36,-0.32,-0.58,-0.15,
0.68,-0.66,-0.86,0.81,-0.0,0.47,-3.06,-0.66,0.59,0.25,-0.39,0.77,0.62,-0.05,-1.63,-0.34,0.48,0.36,-0.32,-0.58,-0.15,
0.68,-0.66,-0.86,0.81,-0.0,0.47,-3.06,-0.66,0.59,0.25,-0.39,0.77,0.62,-0.05,-1.63,-0.34,0.48,0.36,-0.32,-0.58,-0.15,
0.68,-0.66,-0.86,0.81,-0.0,0.47,-3.06,-0.66,0.59,0.25,-0.39,0.77,0.62,-0.05,-1.63,-0.34,0.48,0.36,-0.32,-0.58,-0.15,
0.68,-0.66,-0.86,0.81,-0.0,0.47,-3.06,-0.66,0.59,0.25,-0.39,0.77,0.62,-0.05,-1.63,-0.34,0.48,0.36,-0.32,-0.58,-0.15,
0.68,-0.66,-0.86,0.81,-0.0,0.47,-3.06,-0.66,0.59,0.25,-0.39,0.77,0.62,-0.05,-1.63,-0.34,0.48,0.36,-0.32,-0.58,-0.15,
0.68,-0.66,-0.86,0.81,-0.0,0.47,-3.06,-0.66,0.59,0.25,-0.39,0.77,0.62,-0.05,-1.63,-0.34,0.48,0.36,-0.32,-0.58,-0.15,
0.68,-0.66,-0.86,0.81,-0.0,0.47,-3.06,-0.66,0.59,0.25,-0.39,0.77,0.62,-0.05,-1.63,-0.34,0.48,0.36,-0.32,-0.58,-0.15,
0.68,-0.66,-0.86,0.81,-0.0,0.47,-3.06,-0.66,0.59,0.25,-0.39,0.77,0.62,-0.05,-1.63,-0.34,0.48,0.36,-0.32,-0.58,-0.15,
0.68,-0.66,-0.86,0.81,-0.0,0.47,-3.06,-0.66,0.59,0.25,-0.39,0.77,0.62,-0.05,-1.63,-0.34,0.48,0.36,-0.32,-0.58,-0.15,
0.68,-0.66,-0.86,0.81,-0.0,0.47,-3.06,-0.66,0.59,0.25,-0.39,0.77,0.62,-0.05,-1.63,-0.34,0.48,0.36,-0.32,-0.58,-0.15,
0.68,-0.66,-0.86,0.81,-0.0,0.47,-3.06,-0.66,0.59,0.25,-0.39,0.77,0.62,-0.05,-1.63,-0.34,0.48,0.36,-0.32,-0.58,-0.15,
0.68,-0.66,-0.86,0.81,-0.0,0.47,-3.06,-0.66,0.59,0.25,-0.39,0.77,0.62,-0.05,-1.63,-0.34,0.48,0.36,-0.32,-0.58,-0.15,
0.68,-0.66,-0.86,0.81,-0.0,0.47,-3.06,-0.66,0.59,0.25,-0.39,0.77,0.62,-0.05,-1.63,-0.34,0.48,0.36,-0.32,-0.58,-0.15,
0.68,-0.66,-0.86,0.81,-0.0,0.47,-3.06,-0.66,0.59,0.25,-0.39,0.77,0.62,-0.05,-1.63,-0.34,0.48,0.36,-0.32,-0.58,-0.15,
0.68,-0.66,-0.86,0.81,-0.0,0.47,-3.06,-0.66,0.59,0.25,-0.39,0.77,0.62,-0.05,-1.63,-0.34,0.48,0.36,-0.32,-0.58,-0.15,
0.68,-0.66,-0.86,0.81,-0.0,0.47,-3.06,-0.66,0.59,0.25,-0.39,0.77,0.62,-0.05,-1.63,-0.34,0.48,0.36,-0.32,-0.58,-0.15,
0.68,-0.66,-0.86,0.81,-0.0,0.47,-3.06,-0.66,0.59,0.25,-0.39,0.77,0.62,-0.05,-1.63,-0.34,0.48,0.36,-0.32,-0.58,-0.15,
0.68,-0.66,-0.86,0.81,-0.0,0.47,-3.06,-0.66,0.59,0.25,-0.39,0.77,0.62,-0.05,-1.63,-0.34,0.48,0.36,-0.32,-0.58,-0.15,
0.68,-0.66,-0.86,0.81,-0.0,0.47,-3.06,-0.66,0.59,0.25,-0.39,0.77,0.62,-0.05,-1.63,-0.34,0.48,0.36,-0.32,-0.58,-0.15,
0.68,-0.66,-0.86,0.81,-0.0,0.47,-3.06,-0.66,0.59,0.25,-0.39,0.77,0.62,-0.05,-1.63,-0.34,0.48,0.36,-0.32,-0.58,-0.15,
0.68,-0.66,-0.86,0.81,-0.0,0.47,-3.06,-0.66,0.59,0.25,-0.39,0.77,0.62,-0.05,-1.63,-0.34,0.48,0.36,-0.32,-0.58,-0.15,
0.68,-0.66,-0.86,0.81,-0.0,0.47,-3.06,-0.66,0.59,0.25,-0.39,0.77,0.62,-0.05,-1.63,-0.34,0.48,0.36,-0.32,-0.58,-0.15,
0.68,-0.66,-0.86,0.81,-0.0,0.47,-3.06,-0.66,0.59,0.25,-0.39,0.77,0.62,-0.05,-1.63,-0.34,0.48,0.36,-0.32,-0.58,-0.15,
0.68,-0.66,-0.86,0.81,-0.0,0.47,-3.06,-0.66,0.59,0.25,-0.39,0.77,0.62,-0.05,-1.63,-0.34,0.48,0.36,-0.32,-0.58,-0.15,
0.68,-0.66,-0.86,0.81,-0.0,0.47,-3.06,-0.66,0.59,0.25,-0.39,0.77,0.62,-0.05,-0.75,-0.34,0.48,0.36,-0.32,-0.58,-0.15,
0.68,-0.66,-0.86,0.81,-0.0,0.47,-3.06,-0.66,0.59,0.25,-0.39,0.77,0.62,-0.05,-0.55,-0.34,0.48,0.55,-0.32,-0.58,-0.15,
0.68,-0.66,-0.86,0.81,-0.0,0.47,-3.48,-0.66,0.59,0.25,-0.39,0.77,0.62,-0.05,-2.99,-0.34,0.48,0.36,-0.32,-0.58,-0.15,
0.68,-0.66,-0.86,0.81,-0.0,0.47,-3.48,-0.66,0.59,0.25,-0.39,0.77,0.62,-0.05,-2.99,-0.34,0.48,0.36,-0.32,-0.58,-0.15,
0.68,-0.66,-0.86,0.81,-0.0,0.47,-3.48,-0.66,0.59,0.25,-0.39,0.77,0.62,-0.05,-2.99,-0.34,0.48,0.36,-0.32,-0.58,-0.15,
0.68,-0.66,-0.86,0.81,-0.0,0.47,-3.48,-0.66,0.59,0.25,-0.39,0.77,0.62,-0.05,-2.99,-0.34,0.48,0.36,-0.32,-0.58,-0.15,
0.68,-0.66,-0.86,0.81,-0.0,0.47,-3.06,-0.66,0.59,0.25,-0.39,0.77,0.62,-0.05,-3.73,-0.34,0.48,0.36,-0.32,-0.58,-0.15,
0.68,-0.66,-0.86,0.81,-0.0,0.47,-3.06,-0.66,0.59,0.25,-0.39,0.77,0.62,-0.05,-3.04,-0.34,0.48,0.36,-0.32,-0.58,-0.15,
0.68,-0.66,-0.86,0.81,-0.0,0.47,-3.06,-0.66,0.59,0.25,-0.39,0.77,0.62,-0.05,-2.99,-0.34,0.48,0.36,-0.32,-0.58,-0.15,
0.68,-0.66,-0.86,0.81,-0.0,0.47,-3.06,-0.66,0.59,0.25,-0.39,0.77,0.62,-0.05,-2.99,-0.34,0.48,0.36,-0.32,-0.58,-0.15,
0.68,-0.66,-0.86,0.81,-0.0,0.47,-3.06,-0.66,0.59,0.25,-0.39,0.77,0.62,-0.05,-2.99,-0.34,0.48,0.36,-0.32,-0.58,-0.15,
0.68,-0.66,-0.86,0.81,-0.0,0.47,-3.06,-0.66,0.59,0.25,-0.39,0.77,0.62,-0.05,-2.99,-0.34,0.48,0.36,-0.32,-0.58,-0.15,
0.68,-0.66,-0.86,0.81,-0.0,0.47,-4.16,-0.66,0.59,0.25,-0.39,0.77,0.62,-0.05,-0.55,-0.34,0.48,0.36,-0.32,-0.58,-0.15,
0.68,-0.66,-0.86,0.81,-0.0,0.47,-3.48,-0.66,0.59,0.25,-0.39,0.77,0.62,-0.05,-0.55,-0.34,0.48,0.36,-0.32,-0.58,-0.15,
0.68,-0.66,-0.86,0.81,-0.0,0.47,-3.48,-0.66,0.59,0.25,-0.39,0.77,0.62,-0.05,-0.55,-0.34,0.48,0.36,-0.32,-0.58,-0.15,
0.68,-0.66,-0.86,0.81,-0.0,0.47,-3.48,-0.66,0.59,0.25,-0.39,0.77,0.62,-0.05,-0.55,-0.34,0.48,0.36,-0.32,-0.58,-0.15,
0.68,-0.66,-0.86,0.81,-0.0,0.47,-3.48,-0.66,0.59,0.25,-0.39,0.77,0.62,-0.05,-0.55,-0.34,0.48,0.36,-0.32,-0.58,-0.15,
0.68,-0.66,-0.86,0.81,-0.0,0.47,-3.48,-0.66,0.59,0.25,-0.39,0.77,0.62,-0.05,-0.55,-0.34,0.48,0.36,-0.32,-0.58,-0.15,
0.68,-0.66,-0.86,0.81,-0.0,0.47,-3.48,-0.66,0.59,0.25,-0.39,0.77,0.62,-0.05,-0.55,-0.34,0.48,0.36,-0.32,-0.58,-0.15,
0.68,-0.66,-0.86,0.81,-0.0,0.47,-3.06,-0.66,0.59,0.25,-0.39,0.77,0.62,-0.05,-0.55,-0.34,0.48,0.36,-0.32,-0.58,-0.15,
0.68,-0.66,-0.86,0.81,-0.0,0.47,-3.06,-0.66,0.59,0.25,-0.39,0.77,0.62,-0.05,-0.55,-0.34,0.48,0.36,-0.32,-0.58,-0.15,
0.68,-0.66,-0.86,0.81,-0.0,0.47,-3.06,-0.66,0.59,0.25,-0.39,0.77,0.62,-0.05,-0.55,-0.34,0.48,0.36,-0.32,-0.58,-0.15,
0.68,-0.66,-0.86,0.81,-0.0,0.47,-3.06,-0.66,0.59,0.25,-0.39,0.77,0.62,-0.05,-0.55,-0.34,0.48,0.36,-0.32,-0.58,-0.15,
0.68,-0.66,-0.86,0.81,-0.0,0.47,-3.06,-0.66,0.59,0.25,-0.39,0.77,0.62,-0.05,-0.55,-0.34,0.48,0.36,-0.32,-0.58,-0.15,
0.68,-0.66,-0.86,0.81,-0.0,0.47,-5.4,-0.66,0.59,0.25,-0.39,0.77,0.62,-0.05,-0.55,-0.34,0.48,0.36,-0.32,-0.58,-0.15,
0.68,-0.66,-0.86,0.81,-0.0,0.47,-3.48,-0.66,0.59,0.25,-0.39,0.77,0.62,-0.05,-0.55,-0.34,0.48,0.36,-0.32,-0.58,-0.15,
0.68,-0.66,-0.86,0.81,-0.0,0.47,-3.48,-0.66,0.59,0.25,-0.39,0.77,0.62,-0.05,-0.55,-0.34,0.48,0.36,-0.32,-0.58,-0.15,
0.68,-0.66,-0.86,0.81,-0.0,0.47,-3.48,-0.66,0.59,0.25,-0.39,0.77,0.62,-0.05,-0.55,-0.34,0.48,0.36,-0.32,-0.58,-0.15,
0.68,-0.66,-0.86,0.81,-0.0,0.47,-3.48,-0.66,0.59,0.25,-0.39,0.77,0.62,-0.05,-0.55,-0.34,0.48,0.36,-0.32,-0.58,-0.15,
0.68,-0.66,-0.86,0.81,-0.0,0.47,-3.48,-0.66,0.59,0.25,-0.39,0.77,0.62,-0.05,-0.55,-0.34,0.48,0.36,-0.32,-0.58,-0.15,
0.68,-0.66,-0.86,0.81,-0.0,0.47,-3.48,-0.66,0.59,0.25,-0.39,0.77,0.62,-0.05,-0.55,-0.34,0.48,0.36,-0.32,-0.58,-0.15,
0.68,-0.66,-0.86,0.81,-0.0,0.47,-3.48,-0.66,0.59,0.25,-0.39,0.77,0.62,-0.05,-0.55,-0.34,0.48,0.36,-0.32,-0.58,-0.15,
0.68,-0.66,-0.86,0.81,-0.0,0.47,-3.06,-0.66,0.59,0.25,-0.39,0.77,0.62,-0.05,-0.55,-0.34,0.48,0.36,-0.32,-0.58,-0.15,
0.68,-0.66,-0.86,0.81,-0.0,0.47,-3.06,-0.66,0.59,0.25,-0.39,0.77,0.62,-0.05,-0.55,-0.34,0.48,0.36,-0.32,-0.58,-0.15,
0.68,-0.66,-0.86,0.81,-0.0,0.47,-3.06,-0.66,0.59,0.25,-0.39,0.77,0.62,-0.05,-0.55,-0.34,0.48,0.36,-0.32,-0.58,-0.15,
0.68,-0.66,-0.86,0.81,-0.0,0.47,-3.48,-0.66,0.59,0.25,-0.39,0.77,0.62,-0.05,-2.99,-0.34,0.48,0.36,-0.32,-0.58,-0.15,
0.68,-0.66,-0.86,0.81,-0.0,0.47,-3.48,-0.66,0.59,0.25,-0.39,0.77,0.62,-0.05,-2.99,-0.34,0.48,0.36,-0.32,-0.58,-0.15,
0.68,-0.66,-0.86,0.81,-0.0,0.47,-3.06,-0.66,0.59,0.25,-0.39,0.77,0.62,-0.05,-2.99,-0.34,0.48,0.36,-0.32,-0.58,-0.15,
0.68,-0.66,-0.86,0.81,-0.0,0.47,-3.06,-0.66,0.59,0.25,-0.39,0.77,0.62,-0.05,-2.99,-0.34,0.48,0.36,-0.32,-0.58,-0.15,
0.68,-0.66,-0.86,0.81,-0.0,0.47,-3.06,-0.66,0.59,0.25,-0.39,0.77,0.62,-0.05,-2.99,-0.34,0.48,0.36,-0.32,-0.58,-0.15,
0.68,-0.66,-0.86,0.81,-0.0,0.47,-3.06,-0.66,0.59,0.25,-0.39,0.77,0.62,-0.05,-2.99,-0.34,0.48,0.36,-0.32,-0.58,-0.15,
0.68,-0.66,-0.86,0.81,-0.0,0.47,-4.22,-0.66,0.59,0.25,-0.39,0.77,0.62,-0.05,-1.63,-0.34,0.48,0.36,-0.32,-0.58,-0.15,
0.68,-0.66,-0.86,0.81,-0.0,0.47,-3.57,-0.66,0.59,0.25,-0.39,0.77,0.62,-0.05,-1.63,-0.34,0.48,0.36,-0.32,-0.58,-0.15,
0.68,-0.66,-0.86,0.81,-0.0,0.47,-3.48,-0.66,0.59,0.25,-0.39,0.77,0.62,-0.05,-1.63,-0.34,0.48,0.36,-0.32,-0.58,-0.15,
0.68,-0.66,-0.86,0.81,-0.0,0.47,-3.48,-0.66,0.59,0.25,-0.39,0.77,0.62,-0.05,-1.63,-0.34,0.48,0.36,-0.32,-0.58,-0.15,
0.68,-0.66,-0.86,0.81,-0.0,0.47,-3.48,-0.66,0.59,0.25,-0.39,0.77,0.62,-0.05,-1.63,-0.34,0.48,0.36,-0.32,-0.58,-0.15,
0.68,-0.66,-0.86,0.81,-0.0,0.47,-3.48,-0.66,0.59,0.25,-0.39,0.77,0.62,-0.05,-1.63,-0.34,0.48,0.36,-0.32,-0.58,-0.15,
0.68,-0.66,-0.86,0.81,-0.0,0.47,-3.48,-0.66,0.59,0.25,-0.39,0.77,0.62,-0.05,-1.63,-0.34,0.48,0.36,-0.32,-0.58,-0.15,
0.68,-0.66,-0.86,0.81,-0.0,0.47,-3.48,-0.66,0.59,0.25,-0.39,0.77,0.62,-0.05,-1.63,-0.34,0.48,0.36,-0.32,-0.58,-0.15,
0.68,-0.66,-0.86,0.81,-0.0,0.47,-3.06,-0.66,0.59,0.25,-0.39,0.77,0.62,-0.05,-1.9,-0.34,0.48,0.36,-0.32,-0.58,-0.15,
0.68,-0.66,-0.86,0.81,-0.0,0.47,-3.06,-0.66,0.59,0.25,-0.39,0.77,0.62,-0.05,-1.81,-0.34,0.48,0.36,-0.32,-0.58,-0.15,
0.68,-0.66,-0.86,0.81,-0.0,0.47,-3.06,-0.66,0.59,0.25,-0.39,0.77,0.62,-0.05,-1.63,-0.34,0.48,0.36,-0.32,-0.58,-0.15,
0.68,-0.66,-0.86,0.81,-0.0,0.47,-3.06,-0.66,0.59,0.25,-0.39,0.77,0.62,-0.05,-1.63,-0.34,0.48,0.36,-0.32,-0.58,-0.15,
0.68,-0.66,-0.86,0.81,-0.0,0.47,-3.06,-0.66,0.59,0.25,-0.39,0.77,0.62,-0.05,-1.63,-0.34,0.48,0.36,-0.32,-0.58,-0.15,
0.68,-0.66,-0.86,0.81,-0.0,0.47,-3.06,-0.66,0.59,0.25,-0.39,0.77,0.62,-0.05,-1.63,-0.34,0.48,0.36,-0.32,-0.58,-0.15,
0.68,-0.66,-0.86,0.81,-0.0,0.47,-3.06,-0.66,0.59,0.25,-0.39,0.77,0.62,-0.05,-1.63,-0.34,0.48,0.36,-0.32,-0.58,-0.15,
0.68,-0.66,-0.86,0.81,-0.0,0.47,-3.06,-0.66,0.59,0.25,-0.39,0.77,0.62,-0.05,-1.63,-0.34,0.48,0.36,-0.32,-0.58,-0.15,
0.68,-0.66,-0.86,0.81,-0.0,0.47,-3.06,-0.66,0.59,0.25,-0.39,0.77,0.62,-0.05,-1.63,-0.34,0.48,0.36,-0.32,-0.58,-0.15,
0.68,-0.66,-0.86,0.81,-0.0,0.47,-3.06,-0.66,0.59,0.25,-0.39,0.77,0.62,-0.05,-1.63,-0.34,0.48,0.36,-0.32,-0.58,-0.15,
0.68,-0.66,-0.86,0.81,-0.0,0.47,-3.06,-0.66,0.59,0.25,-0.39,0.77,0.62,-0.05,-1.63,-0.34,0.48,0.36,-0.32,-0.58,-0.15,
0.68,-0.66,-0.86,0.81,-0.0,0.47,-3.06,-0.66,0.59,0.25,-0.39,0.77,0.62,-0.05,-1.63,-0.34,0.48,0.36,-0.32,-0.58,-0.15,
0.68,-0.66,-0.86,0.81,-0.0,0.47,-3.06,-0.66,0.59,0.25,-0.39,0.77,0.62,-0.05,-1.63,-0.34,0.48,0.36,-0.32,-0.58,-0.15,
0.68,-0.66,-0.86,0.81,-0.0,0.47,-3.06,-0.66,0.59,0.25,-0.39,0.77,0.62,-0.05,-1.63,-0.34,0.48,0.36,-0.32,-0.58,-0.15,
0.68,-0.66,-0.86,0.81,-0.0,0.47,-3.06,-0.66,0.59,0.25,-0.39,0.77,0.62,-0.05,-1.63,-0.34,0.48,0.36,-0.32,-0.58,-0.15,
0.68,-0.66,-0.86,0.81,-0.0,0.47,-3.06,-0.66,0.59,0.25,-0.39,0.77,0.62,-0.05,-1.63,-0.34,0.48,0.36,-0.32,-0.58,-0.15,
0.68,-0.66,-0.86,0.81,-0.0,0.47,-3.06,-0.66,0.59,0.25,-0.39,0.77,0.62,-0.05,-1.63,-0.34,0.48,0.36,-0.32,-0.58,-0.15,
0.68,-0.66,-0.86,0.81,-0.0,0.47,-3.06,-0.66,0.59,0.25,-0.39,0.77,0.62,-0.05,-1.63,-0.34,0.48,0.36,-0.32,-0.58,-0.15,
0.68,-0.66,-0.86,0.81,-0.0,0.47,-3.06,-0.66,0.59,0.25,-0.39,0.77,0.62,-0.05,-1.63,-0.34,0.48,0.36,-0.32,-0.58,-0.15,
0.68,-0.66,-0.86,0.81,-0.0,0.47,-3.06,-0.66,0.59,0.25,-0.39,0.77,0.62,-0.05,-1.63,-0.34,0.48,0.36,-0.32,-0.58,-0.15,
0.68,-0.66,-0.86,0.81,-0.0,0.47,-3.06,-0.66,0.59,0.25,-0.39,0.77,0.62,-0.05,-1.63,-0.34,0.48,0.36,-0.32,-0.58,-0.15,
0.68,-0.66,-0.86,0.81,-0.0,0.47,-3.06,-0.66,0.59,0.25,-0.39,0.77,0.62,-0.05,-1.63,-0.34,0.48,0.36,-0.32,-0.58,-0.15,
0.68,-0.66,-0.86,0.81,-0.0,0.47,-3.06,-0.66,0.59,0.25,-0.39,0.77,0.62,-0.05,-1.63,-0.34,0.48,0.36,-0.32,-0.58,-0.15,
0.68,-0.66,-0.86,0.81,-0.0,0.47,-3.06,-0.66,0.59,0.25,-0.39,0.77,0.62,-0.05,-1.63,-0.34,0.48,0.36,-0.32,-0.58,-0.15,
0.68,-0.66,-0.86,0.81,-0.0,0.47,-3.06,-0.66,0.59,0.25,-0.39,0.77,0.62,-0.05,-1.63,-0.34,0.48,0.36,-0.32,-0.58,-0.15,
0.68,-0.66,-0.86,0.81,-0.0,0.47,-3.06,-0.66,0.59,0.25,-0.39,0.77,0.62,-0.05,-1.63,-0.34,0.48,0.36,-0.32,-0.58,-0.15,
0.68,-0.66,-0.86,0.81,-0.0,0.47,-3.06,-0.66,0.59,0.25,-0.39,0.77,0.62,-0.05,-1.63,-0.34,0.48,0.36,-0.32,-0.58,-0.15,
0.68,-0.66,-0.86,0.81,-0.0,0.47,-3.06,-0.66,0.59,0.25,-0.39,0.77,0.62,-0.05,-0.74,-0.34,0.48,0.36,-0.32,-0.58,-0.15,
0.68,-0.66,-0.86,0.81,-0.0,0.47,-3.48,-0.66,0.59,0.25,-0.39,0.77,0.62,-0.05,-2.75,-0.34,0.48,0.36,-0.32,-0.58,-0.15,
0.68,-0.66,-0.86,0.81,-0.0,0.47,-4.38,-0.66,0.59,0.25,-0.39,0.77,0.62,-0.05,-1.63,-0.34,0.48,0.55,-0.32,-0.58,-0.15,
0.68,-0.66,-0.86,0.81,-0.0,0.47,-4.27,-0.66,0.59,0.25,-0.39,0.77,0.62,-0.05,-1.63,-0.34,0.48,0.55,-0.32,-0.58,-0.15,
0.68,-0.66,-0.86,0.81,-0.0,0.47,-3.06,-0.66,0.59,0.25,-0.39,0.77,0.62,-0.05,-1.63,-0.34,0.48,0.55,-0.32,-0.58,-0.15,
0.68,-0.66,-0.86,0.81,-0.0,0.47,-3.06,-0.66,0.59,0.25,-0.39,0.77,0.62,-0.05,-1.63,-0.34,0.48,0.55,-0.32,-0.58,-0.15,
0.68,-0.66,-0.86,0.81,-0.0,0.47,-3.06,-0.66,0.59,0.25,-0.39,0.77,0.62,-0.05,-1.63,-0.34,0.48,0.55,-0.32,-0.58,-0.15,
0.68,-0.66,-0.86,0.81,-0.0,0.47,-3.06,-0.66,0.59,0.25,-0.39,0.77,0.62,-0.05,-1.63,-0.34,0.48,-0.41,-0.32,-0.58,-0.15,
0.68,-0.66,-0.86,0.81,-0.0,0.47,-3.06,-0.66,0.59,0.25,-0.39,0.77,0.62,-0.05,-1.63,-0.34,0.48,-0.48,-0.32,-0.58,-0.15,
