11
0.68,-0.66,-0.86,0.81,-0.0,0.47,-4.54,-0.66,0.59,0.25,-0.39,0.77,0.62,-0.05,-1.63,-0.34,0.48,0.36,-0.32,-0.58,-0.15,
0.68,-0.66,-0.86,0.81,-0.0,0.47,-4.24,-0.66,0.59,0.25,-0.39,0.77,0.62,-0.05,-1.63,-0.34,0.48,0.36,-0.32,-0.58,-0.15,
0.68,-0.66,-0.86,0.81,-0.0,0.47,-4.19,-0.66,0.59,0.25,-0.39,0.77,0.62,-0.05,-2.99,-0.34,0.48,0.36,-0.32,-0.58,-0.15,
0.68,-0.66,-0.86,0.81,-0.0,0.47,-3.48,-0.66,0.59,0.25,-0.39,0.77,0.62,-0.05,-1.63,-0.34,0.48,0.36,-0.32,-0.58,-0.15,
0.68,-0.66,-0.86,0.81,-0.0,0.47,-5.0,-0.66,0.59,0.25,-0.39,0.77,0.62,-0.05,-1.63,-0.34,0.48,0.36,-0.32,-0.58,-0.15,
0.68,-0.66,-0.86,0.81,-0.0,0.47,-5.09,-0.66,0.59,0.25,-0.39,0.77,0.62,-0.05,-1.63,-0.34,0.48,0.36,-0.32,-0.58,-0.15,
0.68,-0.66,-0.86,0.81,-0.0,0.47,-5.8,-0.66,0.59,0.25,-0.39,0.77,0.62,-0.05,-1.63,-0.34,0.48,0.36,-0.32,-0.58,-0.15,
0.68,-0.66,-0.86,0.81,-0.0,0.47,-5.85,-0.66,0.59,0.25,-0.39,0.77,0.62,-0.05,-1.63,-0.34,0.48,0.36,-0.32,-0.58,-0.15,
0.68,-0.66,-0.86,0.81,-0.0,0.47,-5.0,-0.66,0.59,0.25,-0.39,0.77,0.62,-0.05,-1.63,-0.34,0.48,0.36,-0.32,-0.58,-0.15,
0.68,-0.66,-0.86,0.81,-0.0,0.47,-4.54,-0.66,0.59,0.25,-0.39,0.77,0.62,-0.05,-1.63,-0.34,0.48,0.36,-0.32,-0.58,-0.15,
0.68,-0.66,-0.86,0.81,-0.0,0.47,-4.24,-0.66,0.59,0.25,-0.39,0.77,0.62,-0.05,-1.63,-0.34,0.48,0.36,-0.32,-0.58,-0.15,
0.68,-0.66,-0.86,0.81,-0.0,0.47,-4.54,-0.66,0.59,0.25,-0.39,0.77,0.62,-0.05,-1.63,-0.34,0.48,0.36,-0.32,-0.58,-0.15,
0.68,-0.66,-0.86,0.81,-0.0,0.47,-4.54,-0.66,0.59,0.25,-0.39,0.77,0.62,-0.05,-1.63,-0.34,0.48,0.36,-0.32,-0.58,-0.15,
0.68,-0.66,-0.86,0.81,-0.0,0.47,-4.54,-0.66,0.59,0.25,-0.39,0.77,0.62,-0.05,-1.63,-0.34,0.48,0.36,-0.32,-0.58,-0.15,
0.68,-0.66,-0.86,0.81,-0.0,0.47,-4.54,-0.66,0.59,0.25,-0.39,0.77,0.62,-0.05,-1.63,-0.34,0.48,0.36,-0.32,-0.58,-0.15,
0.68,-0.66,-0.86,0.81,-0.0,0.47,-4.54,-0.66,0.59,0.25,-0.39,0.77,0.62,-0.05,-1.63,-0.34,0.48,0.36,-0.32,-0.58,-0.15,
0.68,-0.66,-0.86,0.81,-0.0,0.47,-3.48,-0.66,0.59,0.25,-0.39,0.77,0.62,-0.05,-1.63,-0.34,0.48,0.36,-0.32,-0.58,-0.15,
0.68,-0.66,-0.86,0.81,-0.0,0.47,-3.48,-0.66,0.59,0.25,-0.39,0.77,0.62,-0.05,-1.63,-0.34,0.48,0.36,-0.32,-0.58,-0.15,
0.68,-0.66,-0.86,0.81,-0.0,0.47,-4.24,-0.66,0.59,0.25,-0.39,0.77,0.62,-0.05,-1.63,-0.34,0.48,0.36,-0.32,-0.58,-0.15,
0.68,-0.66,-0.86,0.81,-0.0,0.47,-4.54,-0.66,0.59,0.25,-0.39,0.77,0.62,-0.05,-1.63,-0.34,0.48,0.36,-0.32,-0.58,-0.15,
0.68,-0.66,-0.86,0.81,-0.0,0.47,-4.19,-0.66,0.59,0.25,-0.39,0.77,0.62,-0.05,-1.63,-0.34,0.48,0.36,-0.32,-0.58,-0.15,
0.68,-0.66,-0.86,0.81,-0.0,0.47,-3.48,-0.66,0.59,0.25,-0.39,0.77,0.62,-0.05,-1.63,-0.34,0.48,-1.39,-0.32,-0.58,-0.15,
0.68,-0.66,-0.86,0.81,-0.0,0.47,-4.24,-0.66,0.59,0.25,-0.39,0.77,0.62,-0.05,-1.63,-0.34,0.48,0.36,-0.32,-0.58,-0.15,
0.68,-0.66,-0.86,0.81,-0.0,0.47,-3.48,-0.66,0.59,0.25,-0.39,0.77,0.62,-0.05,-1.63,-0.34,0.48,0.36,-0.32,-0.58,-0.15,
0.68,-0.66,-0.86,0.81,-0.0,0.47,-4.24,-0.66,0.59,0.25,-0.39,0.77,0.62,-0.05,-1.63,-0.34,0.48,0.36,-0.32,-0.58,-0.15,
0.68,-0.66,-0.86,0.81,-0.0,0.47,-3.48,-0.66,0.59,0.25,-0.39,0.77,0.62,-0.05,-1.63,-0.34,0.48,0.36,-0.32,-0.58,-0.15,
0.68,-0.66,-0.86,0.81,-0.0,0.47,-5.69,-0.66,0.59,0.25,-0.39,0.77,0.62,-0.05,-1.63,-0.34,0.48,0.36,-0.32,-0.58,-0.15,
0.68,-0.66,-0.86,0.81,-0.0,0.47,-4.19,-0.66,0.59,0.25,-0.39,0.77,0.62,-0.05,-1.63,-0.34,0.48,0.36,-0.32,-0.58,-0.15,
0.68,-0.66,-0.86,0.81,-0.0,0.47,-4.19,-0.66,0.59,0.25,-0.39,0.77,0.62,-0.05,-3.04,-0.34,0.48,0.36,-0.32,-0.58,-0.15,
0.68,-0.66,-0.86,0.81,-0.0,0.47,-4.19,-0.66,0.59,0.25,-0.39,0.77,0.62,-0.05,-2.99,-0.34,0.48,0.36,-0.32,-0.58,-0.15,
0.68,-0.66,-0.86,0.81,-0.0,0.47,-3.48,-0.66,0.59,0.25,-0.39,0.77,0.62,-0.05,-1.63,-0.34,0.48,0.36,-0.32,-0.58,-0.15,
0.68,-0.66,-0.86,0.81,-0.0,0.47,-4.19,-0.66,0.59,0.25,-0.39,0.77,0.62,-0.05,-1.63,-0.34,0.48,0.55,-0.32,-0.58,-0.15,
0.68,-0.66,-0.86,0.81,-0.0,0.47,-3.48,-0.66,0.59,0.25,-0.39,0.77,0.62,-0.05,-1.63,-0.34,0.48,0.36,-0.32,-0.58,-0.15,
0.68,-0.66,-0.86,0.81,-0.0,0.47,-3.48,-0.66,0.59,0.25,-0.39,0.77,0.62,-0.05,-1.63,-0.34,0.48,0.36,-0.32,-0.58,-0.15,
0.68,-0.66,-0.86,0.81,-0.0,0.47,-4.19,-0.66,0.59,0.25,-0.39,0.77,0.62,-0.05,-2.99,-0.34,0.48,0.36,-0.32,-0.58,-0.15,
0.68,-0.66,-0.86,0.81,-0.0,0.47,-3.48,-0.66,0.59,0.25,-0.39,0.77,0.62,-0.05,-1.63,-0.34,0.48,0.36,-0.32,-0.58,-0.15,
0.68,-0.66,-0.86,0.81,-0.0,0.47,-4.29,-0.66,0.59,0.25,-0.39,0.77,0.62,-0.05,-1.63,-0.34,0.48,0.55,-0.32,-0.58,-0.15,
0.68,-0.66,-0.86,0.81,-0.0,0.47,-4.54,-0.66,0.59,0.25,-0.39,0.77,0.62,-0.05,-1.63,-0.34,0.48,-0.74,-0.32,-0.58,-0.15,
0.68,-0.66,-0.86,0.81,-0.0,0.47,-3.48,-0.66,0.59,0.25,-0.39,0.77,0.62,-0.05,-1.63,-0.34,0.48,0.2,-0.32,-0.58,-0.15,
0.68,-0.66,-0.86,0.81,-0.0,0.47,-4.19,-0.66,0.59,0.25,-0.39,0.77,0.62,-0.05,-3.53,-0.34,0.48,0.55,-0.32,-0.58,-0.15,
0.68,-0.66,-0.86,0.81,-0.0,0.47,-3.48,-0.66,0.59,0.25,-0.39,0.77,0.62,-0.05,-1.63,-0.34,0.48,0.55,-0.32,-0.58,-0.15,
0.68,-0.66,-0.86,0.81,-0.0,0.47,-3.48,-0.66,0.59,0.25,-0.39,0.77,0.62,-0.05,-1.63,-0.34,0.48,0.36,-0.32,-0.58,-0.15,
0.68,-0.66,-0.86,0.81,-0.0,0.47,-3.48,-0.66,0.59,0.25,-0.39,0.77,0.62,-0.05,-1.63,-0.34,0.48,0.55,-0.32,-0.58,-0.15,
0.68,-0.66,-0.86,0.81,-0.0,0.47,-3.48,-0.66,0.59,0.25,-0.39,0.77,0.62,-0.05,-1.63,-0.34,0.48,0.55,-0.32,-0.58,-0.15,
0.68,-0.66,-0.86,0.81,-0.0,0.47,-3.48,-0.66,0.59,0.25,-0.39,0.77,0.62,-0.05,-1.63,-0.34,0.48,0.55,-0.32,-0.58,-0.15,
0.68,-0.66,-0.86,0.81,-0.0,0.47,-3.66,-0.66,0.59,0.25,-0.39,0.77,0.62,-0.05,-1.63,-0.34,0.48,0.55,-0.32,-0.58,-0.15,
0.68,-0.66,-0.86,0.81,-0.0,0.47,-4.54,-0.66,0.59,0.25,-0.39,0.77,0.62,-0.05,-1.63,-0.34,0.48,0.36,-0.32,-0.58,-0.15,
0.68,-0.66,-0.86,0.81,-0.0,0.47,-4.24,-0.66,0.59,0.25,-0.39,0.77,0.62,-0.05,-1.63,-0.34,0.48,0.55,-0.32,-0.58,-0.15,
0.68,-0.66,-0.86,0.81,-0.0,0.47,-3.48,-0.66,0.59,0.25,-0.39,0.77,0.62,-0.05,-2.99,-0.34,0.48,0.36,-0.32,-0.58,-0.15,
0.68,-0.66,-0.86,0.81,-0.0,0.47,-3.48,-0.66,0.59,0.25,-0.39,0.77,0.62,-0.05,-1.63,-0.34,0.48,0.55,-0.32,-0.58,-0.15,
0.68,-0.66,-0.86,0.81,-0.0,0.47,-3.48,-0.66,0.59,0.25,-0.39,0.77,0.62,-0.05,-1.63,-0.34,0.48,0.36,-0.32,-0.58,-0.15,
0.68,-0.66,-0.86,0.81,-0.0,0.47,-3.48,-0.66,0.59,0.25,-0.39,0.77,0.62,-0.05,-1.63,-0.34,0.48,0.55,-0.32,-0.58,-0.15,
0.68,-0.66,-0.86,0.81,-0.0,0.47,-3.48,-0.66,0.59,0.25,-0.39,0.77,0.62,-0.05,-1.63,-0.34,0.48,0.36,-0.32,-0.58,-0.15,
0.68,-0.66,-0.86,0.81,-0.0,0.47,-3.48,-0.66,0.59,0.25,-0.39,0.77,0.62,-0.05,-1.63,-0.34,0.48,0.36,-0.32,-0.58,-0.15,
0.68,-0.66,-0.86,0.81,-0.0,0.47,-3.48,-0.66,0.59,0.25,-0.39,0.77,0.62,-0.05,-1.63,-0.34,0.48,0.36,-0.32,-0.58,-0.15,
0.68,-0.66,-0.86,0.81,-0.0,0.47,-3.48,-0.66,0.59,0.25,-0.39,0.77,0.62,-0.05,-1.63,-0.34,0.48,0.36,-0.32,-0.58,-0.15,
0.68,-0.66,-0.86,0.81,-0.0,0.47,-4.24,-0.66,0.59,0.25,-0.39,0.77,0.62,-0.05,-1.63,-0.34,0.48,0.36,-0.32,-0.58,-0.15,
0.68,-0.66,-0.86,0.81,-0.0,0.47,-3.48,-0.66,0.59,0.25,-0.39,0.77,0.62,-0.05,-2.99,-0.34,0.48,0.36,-0.32,-0.58,-0.15,
0.68,-0.66,-0.86,0.81,-0.0,0.47,-3.48,-0.66,0.59,0.25,-0.39,0.77,0.62,-0.05,-1.63,-0.34,0.48,0.55,-0.32,-0.58,-0.15,
0.68,-0.66,-0.86,0.81,-0.0,0.47,-3.48,-0.66,0.59,0.25,-0.39,0.77,0.62,-0.05,-1.63,-0.34,0.48,0.36,-0.32,-0.58,-0.15,
0.68,-0.66,-0.86,0.81,-0.0,0.47,-3.48,-0.66,0.59,0.25,-0.39,0.77,0.62,-0.05,-1.63,-0.34,0.48,0.36,-0.32,-0.58,-0.15,
0.68,-0.66,-0.86,0.81,-0.0,0.47,-3.48,-0.66,0.59,0.25,-0.39,0.77,0.62,-0.05,-1.63,-0.34,0.48,0.36,-0.32,-0.58,-0.15,
0.68,-0.66,-0.86,0.81,-0.0,0.47,-3.48,-0.66,0.59,0.25,-0.39,0.77,0.62,-0.05,-1.63,-0.34,0.48,0.36,-0.32,-0.58,-0.15,
0.68,-0.66,-0.86,0.81,-0.0,0.47,-4.18,-0.66,0.59,0.25,-0.39,0.77,0.62,-0.05,-1.63,-0.34,0.48,0.36,-0.32,-0.58,-0.15,
0.68,-0.66,-0.86,0.81,-0.0,0.47,-3.48,-0.66,0.59,0.25,-0.39,0.77,0.62,-0.05,-1.63,-0.34,0.48,0.36,-0.32,-0.58,-0.15,
0.68,-0.66,-0.86,0.81,-0.0,0.47,-4.24,-0.66,0.59,0.25,-0.39,0.77,0.62,-0.05,-1.63,-0.34,0.48,0.36,-0.32,-0.58,-0.15,
0.68,-0.66,-0.86,0.81,-0.0,0.47,-4.19,-0.66,0.59,0.25,-0.39,0.77,0.62,-0.05,-1.63,-0.34,0.48,0.36,-0.32,-0.58,-0.15,
0.68,-0.66,-0.86,0.81,-0.0,0.47,-3.48,-0.66,0.59,0.25,-0.39,0.77,0.62,-0.05,-1.63,-0.34,0.48,0.36,-0.32,-0.58,-0.15,
0.68,-0.66,-0.86,0.81,-0.0,0.47,-3.48,-0.66,0.59,0.25,-0.39,0.77,0.62,-0.05,-1.63,-0.34,0.48,-0.29,-0.32,-0.58,-0.15,
0.68,-0.66,-0.86,0.81,-0.0,0.47,-3.48,-0.66,0.59,0.25,-0.39,0.77,0.62,-0.05,-1.63,-0.34,0.48,0.36,-0.32,-0.58,-0.15,
0.68,-0.66,-0.86,0.81,-0.0,0.47,-3.48,-0.66,0.59,0.25,-0.39,0.77,0.62,-0.05,-1.63,-0.34,0.48,0.36,-0.32,-0.58,-0.15,
0.68,-0.66,-0.86,0.81,-0.0,0.47,-3.48,-0.66,0.59,0.25,-0.39,0.77,0.62,-0.05,-1.63,-0.34,0.48,0.36,-0.32,-0.58,-0.15,
0.68,-0.66,-0.86,0.81,-0.0,0.47,-5.0,-0.66,0.59,0.25,-0.39,0.77,0.62,-0.05,-1.63,-0.34,0.48,0.36,-0.32,-0.58,-0.15,
0.68,-0.66,-0.86,0.81,-0.0,0.47,-4.54,-0.66,0.59,0.25,-0.39,0.77,0.62,-0.05,-1.63,-0.34,0.48,0.36,-0.32,-0.58,-0.15,
0.68,-0.66,-0.86,0.81,-0.0,0.47,-4.24,-0.66,0.59,0.25,-0.39,0.77,0.62,-0.05,-1.63,-0.34,0.48,0.36,-0.32,-0.58,-0.15,
0.68,-0.66,-0.86,0.81,-0.0,0.47,-4.19,-0.66,0.59,0.25,-0.39,0.77,0.62,-0.05,-1.63,-0.34,0.48,0.36,-0.32,-0.58,-0.15,
0.68,-0.66,-0.86,0.81,-0.0,0.47,-3.48,-0.66,0.59,0.25,-0.39,0.77,0.62,-0.05,-1.63,-0.34,0.48,0.36,-0.32,-0.58,-0.15,
0.68,-0.66,-0.86,0.81,-0.0,0.47,-3.48,-0.66,0.59,0.25,-0.39,0.77,0.62,-0.05,-1.63,-0.34,0.48,0.55,-0.32,-0.58,-0.15,
0.68,-0.66,-0.86,0.81,-0.0,0.47,-3.48,-0.66,0.59,0.25,-0.39,0.77,0.62,-0.05,-1.63,-0.34,0.48,0.36,-0.32,-0.58,-0.15,
0.68,-0.66,-0.86,0.81,-0.0,0.47,-3.48,-0.66,0.59,0.25,-0.39,0.77,0.62,-0.05,-1.63,-0.34,0.48,0.36,-0.32,-0.58,-0.15,
0.68,-0.66,-0.86,0.81,-0.0,0.47,-3.48,-0.66,0.59,0.25,-0.39,0.77,0.62,-0.05,-1.63,-0.34,0.48,0.36,-0.32,-0.58,-0.15,
0.68,-0.66,-0.86,0.81,-0.0,0.47,-5.0,-0.66,0.59,0.25,-0.39,0.77,0.62,-0.05,-1.63,-0.34,0.48,0.36,-0.32,-0.58,-0.15,
0.68,-0.66,-0.86,0.81,-0.0,0.47,-4.54,-0.66,0.59,0.25,-0.39,0.77,0.62,-0.05,-1.63,-0.34,0.48,0.36,-0.32,-0.58,-0.15,
0.68,-0.66,-0.86,0.81,-0.0,0.47,-3.48,-0.66,0.59,0.25,-0.39,0.77,0.62,-0.05,-1.63,-0.34,0.48,0.36,-0.32,-0.58,-0.15,
0.68,-0.66,-0.86,0.81,-0.0,0.47,-3.48,-0.66,0.59,0.25,-0.39,0.77,0.62,-0.05,-2.99,-0.34,0.48,0.36,-0.32,-0.58,-0.15,
0.68,-0.66,-0.86,0.81,-0.0,0.47,-3.48,-0.66,0.59,0.25,-0.39,0.77,0.62,-0.05,-1.63,-0.34,0.48,0.55,-0.32,-0.58,-0.15,
0.68,-0.66,-0.86,0.81,-0.0,0.47,-3.48,-0.66,0.59,0.25,-0.39,0.77,0.62,-0.05,-1.63,-0.34,0.48,0.36,-0.32,-0.58,-0.15,
0.68,-0.66,-0.86,0.81,-0.0,0.47,-3.48,-0.66,0.59,0.25,-0.39,0.77,0.62,-0.05,-1.63,-0.34,0.48,0.36,-0.32,-0.58,-0.15,
0.68,-0.66,-0.86,0.81,-0.0,0.47,-3.48,-0.66,0.59,0.25,-0.39,0.77,0.62,-0.05,-1.63,-0.34,0.48,0.36,-0.32,-0.58,-0.15,
0.68,-0.66,-0.86,0.81,-0.0,0.47,-3.48,-0.66,0.59,0.25,-0.39,0.77,0.62,-0.05,-1.63,-0.34,0.48,0.36,-0.32,-0.58,-0.15,
0.68,-0.66,-0.86,0.81,-0.0,0.47,-4.54,-0.66,0.59,0.25,-0.39,0.77,0.62,-0.05,-1.63,-0.34,0.48,0.36,-0.32,-0.58,-0.15,
0.68,-0.66,-0.86,0.81,-0.0,0.47,-4.24,-0.66,0.59,0.25,-0.39,0.77,0.62,-0.05,-1.63,-0.34,0.48,0.36,-0.32,-0.58,-0.15,
0.68,-0.66,-0.86,0.81,-0.0,0.47,-5.0,-0.66,0.59,0.25,-0.39,0.77,0.62,-0.05,-1.63,-0.34,0.48,0.36,-0.32,-0.58,-0.15,
0.68,-0.66,-0.86,0.81,-0.0,0.47,-5.0,-0.66,0.59,0.25,-0.39,0.77,0.62,-0.05,-1.63,-0.34,0.48,0.55,-0.32,-0.58,-0.15,
0.68,-0.66,-0.86,0.81,-0.0,0.47,-3.48,-0.66,0.59,0.25,-0.39,0.77,0.62,-0.05,-1.63,-0.34,0.48,0.36,-0.32,-0.58,-0.15,
0.68,-0.66,-0.86,0.81,-0.0,0.47,-3.48,-0.66,0.59,0.25,-0.39,0.77,0.62,-0.05,-1.63,-0.34,0.48,0.36,-0.32,-0.58,-0.15,
0.68,-0.66,-0.86,0.81,-0.0,0.47,-5.87,-0.66,0.59,0.25,-0.39,0.77,0.62,-0.05,-1.63,-0.34,0.48,0.36,-0.32,-0.58,-0.15,
0.68,-0.66,-0.86,0.81,-0.0,0.47,-3.48,-0.66,0.59,0.25,-0.39,0.77,0.62,-0.05,-1.63,-0.34,0.48,0.36,-0.32,-0.58,-0.15,
0.68,-0.66,-0.86,0.81,-0.0,0.47,-3.48,-0.66,0.59,0.25,-0.39,0.77,0.62,-0.05,-1.63,-0.34,0.48,0.36,-0.32,-0.58,-0.15,
0.68,-0.66,-0.86,0.81,-0.0,0.47,-4.54,-0.66,0.59,0.25,-0.39,0.77,0.62,-0.05,-1.63,-0.34,0.48,0.36,-0.32,-0.58,-0.15,
0.68,-0.66,-0.86,0.81,-0.0,0.47,-5.86,-0.66,0.59,0.25,-0.39,0.77,0.62,-0.05,-1.63,-0.34,0.48,0.36,-0.32,-0.58,-0.15,
0.68,-0.66,-0.86,0.81,-0.0,0.47,-4.82,-0.66,0.59,0.25,-0.39,0.77,0.62,-0.05,-2.99,-0.34,0.48,0.36,-0.32,-0.58,-0.15,
0.68,-0.66,-0.86,0.81,-0.0,0.47,-4.54,-0.66,0.59,0.25,-0.39,0.77,0.62,-0.05,-1.63,-0.34,0.48,0.36,-0.32,-0.58,-0.15,
0.68,-0.66,-0.86,0.81,-0.0,0.47,-3.48,-0.66,0.59,0.25,-0.39,0.77,0.62,-0.05,-1.63,-0.34,0.48,0.36,-0.32,-0.58,-0.15,
0.68,-0.66,-0.86,0.81,-0.0,0.47,-4.54,-0.66,0.59,0.25,-0.39,0.77,0.62,-0.05,-1.63,-0.34,0.48,0.36,-0.32,-0.58,-0.15,
0.68,-0.66,-0.86,0.81,-0.0,0.47,-3.48,-0.66,0.59,0.25,-0.39,0.77,0.62,-0.05,-1.63,-0.34,0.48,0.36,-0.32,-0.58,-0.15,
0.68,-0.66,-0.86,0.81,-0.0,0.47,-4.54,-0.66,0.59,0.25,-0.39,0.77,0.62,-0.05,-1.63,-0.34,0.48,0.36,-0.32,-0.58,-0.15,
0.68,-0.66,-0.86,0.81,-0.0,0.47,-3.48,-0.66,0.59,0.25,-0.39,0.77,0.62,-0.05,-1.63,-0.34,0.48,0.36,-0.32,-0.58,-0.15,
0.68,-0.66,-0.86,0.81,-0.0,0.47,-5.0,-0.66,0.59,0.25,-0.39,0.77,0.62,-0.05,-1.63,-0.34,0.48,0.36,-0.32,-0.58,-0.15,
0.68,-0.66,-0.86,0.81,-0.0,0.47,-4.54,-0.66,0.59,0.25,-0.39,0.77,0.62,-0.05,-1.63,-0.34,0.48,0.36,-0.32,-0.58,-0.15,
0.68,-0.66,-0.86,0.81,-0.0,0.47,-4.19,-0.66,0.59,0.25,-0.39,0.77,0.62,-0.05,-2.99,-0.34,0.48,0.36,-0.32,-0.58,-0.15,
0.68,-0.66,-0.86,0.81,-0.0,0.47,-3.48,-0.66,0.59,0.25,-0.39,0.77,0.62,-0.05,-1.63,-0.34,0.48,0.55,-0.32,-0.58,-0.15,
0.68,-0.66,-0.86,0.81,-0.0,0.47,-4.24,-0.66,0.59,0.25,-0.39,0.77,0.62,-0.05,-1.63,-0.34,0.48,0.36,-0.32,-0.58,-0.15,
0.68,-0.66,-0.86,0.81,-0.0,0.47,-4.24,-0.66,0.59,0.25,-0.39,0.77,0.62,-0.05,-1.63,-0.34,0.48,0.36,-0.32,-0.58,-0.15,
0.68,-0.66,-0.86,0.81,-0.0,0.47,-4.24,-0.66,0.59,0.25,-0.39,0.77,0.62,-0.05,-1.63,-0.34,0.48,0.36,-0.32,-0.58,-0.15,
0.68,-0.66,-0.86,0.81,-0.0,0.47,-3.48,-0.66,0.59,0.25,-0.39,0.77,0.62,-0.05,-1.63,-0.34,0.48,0.36,-0.32,-0.58,-0.15,
0.68,-0.66,-0.86,0.81,-0.0,0.47,-3.48,-0.66,0.59,0.25,-0.39,0.77,0.62,-0.05,-1.63,-0.34,0.48,0.36,-0.32,-0.58,-0.15,
0.68,-0.66,-0.86,0.81,-0.0,0.47,-4.19,-0.66,0.59,0.25,-0.39,0.77,0.62,-0.05,-1.63,-0.34,0.48,0.36,-0.32,-0.58,-0.15,
0.68,-0.66,-0.86,0.81,-0.0,0.47,-4.19,-0.66,0.59,0.25,-0.39,0.77,0.62,-0.05,-1.63,-0.34,0.48,0.36,-0.32,-0.58,-0.15,
0.68,-0.66,-0.86,0.81,-0.0,0.47,-4.19,-0.66,0.59,0.25,-0.39,0.77,0.62,-0.05,-1.63,-0.34,0.48,0.36,-0.32,-0.58,-0.15,
0.68,-0.66,-0.86,0.81,-0.0,0.47,-3.48,-0.66,0.59,0.25,-0.39,0.77,0.62,-0.05,-2.99,-0.34,0.48,0.55,-0.32,-0.58,-0.15,
0.68,-0.66,-0.86,0.81,-0.0,0.47,-3.48,-0.66,0.59,0.25,-0.39,0.77,0.62,-0.05,-1.63,-0.34,0.48,0.55,-0.32,-0.58,-0.15,
0.68,-0.66,-0.86,0.81,-0.0,0.47,-4.19,-0.66,0.59,0.25,-0.39,0.77,0.62,-0.05,-1.63,-0.34,0.48,0.36,-0.32,-0.58,-0.15,
0.68,-0.66,-0.86,0.81,-0.0,0.47,-3.48,-0.66,0.59,0.25,-0.39,0.77,0.62,-0.05,-2.99,-0.34,0.48,0.36,-0.32,-0.58,-0.15,
0.68,-0.66,-0.86,0.81,-0.0,0.47,-3.48,-0.66,0.59,0.25,-0.39,0.77,0.62,-0.05,-2.99,-0.34,0.48,0.36,-0.32,-0.58,-0.15,
0.68,-0.66,-0.86,0.81,-0.0,0.47,-4.84,-0.66,0.59,0.25,-0.39,0.77,0.62,-0.05,-2.99,-0.34,0.48,0.36,-0.32,-0.58,-0.15,
0.68,-0.66,-0.86,0.81,-0.0,0.47,-5.19,-0.66,0.59,0.25,-0.39,0.77,0.62,-0.05,-1.63,-0.34,0.48,0.55,-0.32,-0.58,-0.15,
0.68,-0.66,-0.86,0.81,-0.0,0.47,-3.48,-0.66,0.59,0.25,-0.39,0.77,0.62,-0.05,-1.63,-0.34,0.48,0.55,-0.32,-0.58,-0.15,
0.68,-0.66,-0.86,0.81,-0.0,0.47,-4.24,-0.66,0.59,0.25,-0.39,0.77,0.62,-0.05,-1.63,-0.34,0.48,-1.35,-0.32,-0.58,-0.15,
0.68,-0.66,-0.86,0.81,-0.0,0.47,-4.19,-0.66,0.59,0.25,-0.39,0.77,0.62,-0.05,-2.99,-0.34,0.48,0.36,-0.32,-0.58,-0.15,
0.68,-0.66,-0.86,0.81,-0.0,0.47,-3.48,-0.66,0.59,0.25,-0.39,0.77,0.62,-0.05,-1.63,-0.34,0.48,0.55,-0.32,-0.58,-0.15,
0.68,-0.66,-0.86,0.81,-0.0,0.47,-3.48,-0.66,0.59,0.25,-0.39,0.77,0.62,-0.05,-1.63,-0.34,0.48,0.31,-0.32,-0.58,-0.15,
0.68,-0.66,-0.86,0.81,-0.0,0.47,-3.48,-0.66,0.59,0.25,-0.39,0.77,0.62,-0.05,-1.63,-0.34,0.48,0.55,-0.32,-0.58,-0.15,
0.68,-0.66,-0.86,0.81,-0.0,0.47,-3.48,-0.66,0.59,0.25,-0.39,0.77,0.62,-0.05,-1.63,-0.34,0.48,0.36,-0.32,-0.58,-0.15,
0.68,-0.66,-0.86,0.81,-0.0,0.47,-3.48,-0.66,0.59,0.25,-0.39,0.77,0.62,-0.05,-1.63,-0.34,0.48,0.55,-0.32,-0.58,-0.15,
0.68,-0.66,-0.86,0.81,-0.0,0.47,-5.0,-0.66,0.59,0.25,-0.39,0.77,0.62,-0.05,-1.63,-0.34,0.48,0.36,-0.32,-0.58,-0.15,
0.68,-0.66,-0.86,0.81,-0.0,0.47,-3.48,-0.66,0.59,0.25,-0.39,0.77,0.62,-0.05,-1.63,-0.34,0.48,0.55,-0.32,-0.58,-0.15,
0.68,-0.66,-0.86,0.81,-0.0,0.47,-4.24,-0.66,0.59,0.25,-0.39,0.77,0.62,-0.05,-1.63,-0.34,0.48,0.36,-0.32,-0.58,-0.15,
0.68,-0.66,-0.86,0.81,-0.0,0.47,-3.48,-0.66,0.59,0.25,-0.39,0.77,0.62,-0.05,-2.99,-0.34,0.48,0.36,-0.32,-0.58,-0.15,
0.68,-0.66,-0.86,0.81,-0.0,0.47,-3.48,-0.66,0.59,0.25,-0.39,0.77,0.62,-0.05,-1.63,-0.34,0.48,0.55,-0.32,-0.58,-0.15,
0.68,-0.66,-0.86,0.81,-0.0,0.47,-3.48,-0.66,0.59,0.25,-0.39,0.77,0.62,-0.05,-1.63,-0.34,0.48,0.36,-0.32,-0.58,-0.15,
0.68,-0.66,-0.86,0.81,-0.0,0.47,-3.48,-0.66,0.59,0.25,-0.39,0.77,0.62,-0.05,-1.63,-0.34,0.48,0.55,-0.32,-0.58,-0.15,
0.68,-0.66,-0.86,0.81,-0.0,0.47,-3.48,-0.66,0.59,0.25,-0.39,0.77,0.62,-0.05,-1.63,-0.34,0.48,0.55,-0.32,-0.58,-0.15,
0.68,-0.66,-0.86,0.81,-0.0,0.47,-3.48,-0.66,0.59,0.25,-0.39,0.77,0.62,-0.05,-1.63,-0.34,0.48,0.55,-0.32,-0.58,-0.15,
0.68,-0.66,-0.86,0.81,-0.0,0.47,-5.0,-0.66,0.59,0.25,-0.39,0.77,0.62,-0.05,-1.63,-0.34,0.48,0.36,-0.32,-0.58,-0.15,
0.68,-0.66,-0.86,0.81,-0.0,0.47,-3.48,-0.66,0.59,0.25,-0.39,0.77,0.62,-0.05,-1.63,-0.34,0.48,0.36,-0.32,-0.58,-0.15,
0.68,-0.66,-0.86,0.81,-0.0,0.47,-4.24,-0.66,0.59,0.25,-0.39,0.77,0.62,-0.05,-1.63,-0.34,0.48,0.36,-0.32,-0.58,-0.15,
0.68,-0.66,-0.86,0.81,-0.0,0.47,-4.19,-0.66,0.59,0.25,-0.39,0.77,0.62,-0.05,-1.63,-0.34,0.48,0.36,-0.32,-0.58,-0.15,
0.68,-0.66,-0.86,0.81,-0.0,0.47,-3.48,-0.66,0.59,0.25,-0.39,0.77,0.62,-0.05,-1.63,-0.34,0.48,0.55,-0.32,-0.58,-0.15,
0.68,-0.66,-0.86,0.81,-0.0,0.47,-3.48,-0.66,0.59,0.25,-0.39,0.77,0.62,-0.05,-1.63,-0.34,0.48,0.36,-0.32,-0.58,-0.15,
0.68,-0.66,-0.86,0.81,-0.0,0.47,-3.48,-0.66,0.59,0.25,-0.39,0.77,0.62,-0.05,-1.63,-0.34,0.48,0.36,-0.32,-0.58,-0.15,
0.68,-0.66,-0.86,0.81,-0.0,0.47,-3.48,-0.66,0.59,0.25,-0.39,0.77,0.62,-0.05,-1.63,-0.34,0.48,0.36,-0.32,-0.58,-0.15,
0.68,-0.66,-0.86,0.81,-0.0,0.47,-3.48,-0.66,0.59,0.25,-0.39,0.77,0.62,-0.05,-1.63,-0.34,0.48,0.36,-0.32,-0.58,-0.15,
0.68,-0.66,-0.86,0.81,-0.0,0.47,-3.48,-0.66,0.59,0.25,-0.39,0.77,0.62,-0.05,-1.63,-0.34,0.48,0.36,-0.32,-0.58,-0.15,
0.68,-0.66,-0.86,0.81,-0.0,0.47,-4.54,-0.66,0.59,0.25,-0.39,0.77,0.62,-0.05,-1.63,-0.34,0.48,0.36,-0.32,-0.58,-0.15,
0.68,-0.66,-0.86,0.81,-0.0,0.47,-4.24,-0.66,0.59,0.25,-0.39,0.77,0.62,-0.05,-1.63,-0.34,0.48,0.36,-0.32,-0.58,-0.15,
0.68,-0.66,-0.86,0.81,-0.0,0.47,-4.19,-0.66,0.59,0.25,-0.39,0.77,0.62,-0.05,-2.99,-0.34,0.48,0.36,-0.32,-0.58,-0.15,
0.68,-0.66,-0.86,0.81,-0.0,0.47,-3.48,-0.66,0.59,0.25,-0.39,0.77,0.62,-0.05,-1.63,-0.34,0.48,0.36,-0.32,-0.58,-0.15,
0.68,-0.66,-0.86,0.81,-0.0,0.47,-3.48,-0.66,0.59,0.25,-0.39,0.77,0.62,-0.05,-1.63,-0.34,0.48,0.36,-0.32,-0.58,-0.15,
0.68,-0.66,-0.86,0.81,-0.0,0.47,-3.48,-0.66,0.59,0.25,-0.39,0.77,0.62,-0.05,-1.63,-0.34,0.48,0.36,-0.32,-0.58,-0.15,
0.68,-0.66,-0.86,0.81,-0.0,0.47,-3.48,-0.66,0.59,0.25,-0.39,0.77,0.62,-0.05,-1.63,-0.34,0.48,0.36,-0.32,-0.58,-0.15,
0.68,-0.66,-0.86,0.81,-0.0,0.47,-3.48,-0.66,0.59,0.25,-0.39,0.77,0.62,-0.05,-1.63,-0.34,0.48,0.36,-0.32,-0.58,-0.15,
0.68,-0.66,-0.86,0.81,-0.0,0.47,-5.0,-0.66,0.59,0.25,-0.39,0.77,0.62,-0.05,-1.63,-0.34,0.48,0.36,-0.32,-0.58,-0.15,
0.68,-0.66,-0.86,0.81,-0.0,0.47,-3.52,-0.66,0.59,0.25,-0.39,0.77,0.62,-0.05,-1.63,-0.34,0.48,0.36,-0.32,-0.58,-0.15,
0.68,-0.66,-0.86,0.81,-0.0,0.47,-4.24,-0.66,0.59,0.25,-0.39,0.77,0.62,-0.05,-1.63,-0.34,0.48,0.36,-0.32,-0.58,-0.15,
0.68,-0.66,-0.86,0.81,-0.0,0.47,-4.19,-0.66,0.59,0.25,-0.39,0.77,0.62,-0.05,-2.99,-0.34,0.48,0.36,-0.32,-0.58,-0.15,
0.68,-0.66,-0.86,0.81,-0.0,0.47,-3.48,-0.66,0.59,0.25,-0.39,0.77,0.62,-0.05,-1.63,-0.34,0.48,0.55,-0.32,-0.58,-0.15,
0.68,-0.66,-0.86,0.81,-0.0,0.47,-3.48,-0.66,0.59,0.25,-0.39,0.77,0.62,-0.05,-1.63,-0.34,0.48,0.55,-0.32,-0.58,-0.15,
0.68,-0.66,-0.86,0.81,-0.0,0.47,-3.48,-0.66,0.59,0.25,-0.39,0.77,0.62,-0.05,-1.63,-0.34,0.48,0.36,-0.32,-0.58,-0.15,
0.68,-0.66,-0.86,0.81,-0.0,0.47,-3.48,-0.66,0.59,0.25,-0.39,0.77,0.62,-0.05,-1.63,-0.34,0.48,0.36,-0.32,-0.58,-0.15,
0.68,-0.66,-0.86,0.81,-0.0,0.47,-3.48,-0.66,0.59,0.25,-0.39,0.77,0.62,-0.05,-1.63,-0.34,0.48,0.36,-0.32,-0.58,-0.15,
0.68,-0.66,-0.86,0.81,-0.0,0.47,-3.48,-0.66,0.59,0.25,-0.39,0.77,0.62,-0.05,-1.63,-0.34,0.48,0.36,-0.32,-0.58,-0.15,
0.68,-0.66,-0.86,0.81,-0.0,0.47,-4.54,-0.66,0.59,0.25,-0.39,0.77,0.62,-0.05,-1.63,-0.34,0.48,0.36,-0.32,-0.58,-0.15,
0.68,-0.66,-0.86,0.81,-0.0,0.47,-3.48,-0.66,0.59,0.25,-0.39,0.77,0.62,-0.05,-1.63,-0.34,0.48,0.36,-0.32,-0.58,-0.15,
0.68,-0.66,-0.86,0.81,-0.0,0.47,-3.48,-0.66,0.59,0.25,-0.39,0.77,0.62,-0.05,-1.63,-0.34,0.48,0.36,-0.32,-0.58,-0.15,
0.68,-0.66,-0.86,0.81,-0.0,0.47,-3.48,-0.66,0.59,0.25,-0.39,0.77,0.62,-0.05,-1.63,-0.34,0.48,0.55,-0.32,-0.58,-0.15,
0.68,-0.66,-0.86,0.81,-0.0,0.47,-3.48,-0.66,0.59,0.25,-0.39,0.77,0.62,-0.05,-1.63,-0.34,0.48,0.36,-0.32,-0.58,-0.15,
0.68,-0.66,-0.86,0.81,-0.0,0.47,-3.48,-0.66,0.59,0.25,-0.39,0.77,0.62,-0.05,-1.63,-0.34,0.48,0.36,-0.32,-0.58,-0.15,
0.68,-0.66,-0.86,0.81,-0.0,0.47,-3.48,-0.66,0.59,0.25,-0.39,0.77,0.62,-0.05,-1.63,-0.34,0.48,0.36,-0.32,-0.58,-0.15,
0.68,-0.66,-0.86,0.81,-0.0,0.47,-3.48,-0.66,0.59,0.25,-0.39,0.77,0.62,-0.05,-1.63,-0.34,0.48,0.36,-0.32,-0.58,-0.15,
0.68,-0.66,-0.86,0.81,-0.0,0.47,-4.54,-0.66,0.59,0.25,-0.39,0.77,0.62,-0.05,-1.63,-0.34,0.48,0.36,-0.32,-0.58,-0.15,
0.68,-0.66,-0.86,0.81,-0.0,0.47,-5.0,-0.66,0.59,0.25,-0.39,0.77,0.62,-0.05,-1.63,-0.34,0.48,0.36,-0.32,-0.58,-0.15,
0.68,-0.66,-0.86,0.81,-0.0,0.47,-4.19,-0.66,0.59,0.25,-0.39,0.77,0.62,-0.05,-2.99,-0.34,0.48,0.36,-0.32,-0.58,-0.15,
0.68,-0.66,-0.86,0.81,-0.0,0.47,-3.48,-0.66,0.59,0.25,-0.39,0.77,0.62,-0.05,-1.63,-0.34,0.48,0.36,-0.32,-0.58,-0.15,
0.68,-0.66,-0.86,0.81,-0.0,0.47,-3.48,-0.66,0.59,0.25,-0.39,0.77,0.62,-0.05,-1.63,-0.34,0.48,0.55,-0.32,-0.58,-0.15,
0.68,-0.66,-0.86,0.81,-0.0,0.47,-3.48,-0.66,0.59,0.25,-0.39,0.77,0.62,-0.05,-1.63,-0.34,0.48,0.36,-0.32,-0.58,-0.15,
0.68,-0.66,-0.86,0.81,-0.0,0.47,-3.48,-0.66,0.59,0.25,-0.39,0.77,0.62,-0.05,-1.63,-0.34,0.48,0.36,-0.32,-0.58,-0.15,
0.68,-0.66,-0.86,0.81,-0.0,0.47,-5.0,-0.66,0.59,0.25,-0.39,0.77,0.62,-0.05,-1.63,-0.34,0.48,0.36,-0.32,-0.58,-0.15,
0.68,-0.66,-0.86,0.81,-0.0,0.47,-5.0,-0.66,0.59,0.25,-0.39,0.77,0.62,-0.05,-1.63,-0.34,0.48,0.36,-0.32,-0.58,-0.15,
0.68,-0.66,-0.86,0.81,-0.0,0.47,-4.54,-0.66,0.59,0.25,-0.39,0.77,0.62,-0.05,-1.63,-0.34,0.48,0.36,-0.32,-0.58,-0.15,
0.68,-0.66,-0.86,0.81,-0.0,0.47,-4.24,-0.66,0.59,0.25,-0.39,0.77,0.62,-0.05,-1.63,-0.34,0.48,0.36,-0.32,-0.58,-0.15,
0.68,-0.66,-0.86,0.81,-0.0,0.47,-4.54,-0.66,0.59,0.25,-0.39,0.77,0.62,-0.05,-2.99,-0.34,0.48,0.36,-0.32,-0.58,-0.15,
0.68,-0.66,-0.86,0.81,-0.0,0.47,-4.54,-0.66,0.59,0.25,-0.39,0.77,0.62,-0.05,-1.63,-0.34,0.48,0.11,-0.32,-0.58,-0.15,
0.68,-0.66,-0.86,0.81,-0.0,0.47,-3.48,-0.66,0.59,0.25,-0.39,0.77,0.62,-0.05,-1.63,-0.34,0.48,0.55,-0.32,-0.58,-0.15,
0.68,-0.66,-0.86,0.81,-0.0,0.47,-4.54,-0.66,0.59,0.25,-0.39,0.77,0.62,-0.05,-1.63,-0.34,0.48,0.36,-0.32,-0.58,-0.15,
0.68,-0.66,-0.86,0.81,-0.0,0.47,-3.48,-0.66,0.59,0.25,-0.39,0.77,0.62,-0.05,-1.63,-0.34,0.48,0.36,-0.32,-0.58,-0.15,
0.68,-0.66,-0.86,0.81,-0.0,0.47,-4.54,-0.66,0.59,0.25,-0.39,0.77,0.62,-0.05,-1.63,-0.34,0.48,0.36,-0.32,-0.58,-0.15,
0.68,-0.66,-0.86,0.81,-0.0,0.47,-3.48,-0.66,0.59,0.25,-0.39,0.77,0.62,-0.05,-1.63,-0.34,0.48,0.36,-0.32,-0.58,-0.15,
0.68,-0.66,-0.86,0.81,-0.0,0.47,-5.0,-0.66,0.59,0.25,-0.39,0.77,0.62,-0.05,-1.63,-0.34,0.48,0.36,-0.32,-0.58,-0.15,
0.68,-0.66,-0.86,0.81,-0.0,0.47,-4.24,-0.66,0.59,0.25,-0.39,0.77,0.62,-0.05,-1.63,-0.34,0.48,0.36,-0.32,-0.58,-0.15,